   ik    e(ev)        kx        ky        kz   abs(k)  AgDx2-y2  AgDxy  AgDxz  AgDyz  AgDz2  AgPx  AgPy  AgPz   AgS  AuDx2-y2  AuDxy  AuDxz  AuDyz  AuDz2  AuPx  AuPy  AuPz   AuS  |psi|^2
  1.0 13.12451  0.000000  0.000000  0.000000 0.000000     0.024  0.063  0.046  0.045  0.054   0.0   0.0   0.0 0.049     0.109  0.251  0.120  0.017  0.175   0.0   0.0   0.0 0.016    0.996
  2.0 13.16461 -0.058754  0.065667 -0.084796 0.122288     0.046  0.018  0.114  0.015  0.017   0.0   0.0   0.0 0.062     0.150  0.111  0.187  0.042  0.170   0.0   0.0   0.0 0.043    0.996
  3.0 13.14971 -0.117507  0.131334 -0.169591 0.244577     0.007  0.239  0.038  0.012  0.006   0.0   0.0   0.0 0.032     0.033  0.446  0.061  0.024  0.029   0.0   0.0   0.0 0.032    0.996
  4.0 13.15460  0.176261 -0.197001  0.254387 0.366865     0.000  0.150  0.017  0.026  0.002   0.0   0.0   0.0 0.006     0.006  0.639  0.042  0.048  0.007   0.0   0.0   0.0 0.010    0.993
  5.0 13.14971  0.117507 -0.131334  0.169591 0.244577     0.007  0.239  0.038  0.012  0.006   0.0   0.0   0.0 0.032     0.033  0.446  0.061  0.024  0.029   0.0   0.0   0.0 0.032    0.996
  6.0 13.16461  0.058754 -0.065667  0.084796 0.122288     0.046  0.018  0.114  0.015  0.017   0.0   0.0   0.0 0.062     0.150  0.111  0.187  0.042  0.170   0.0   0.0   0.0 0.043    0.996
  7.0 13.14139  0.063119  0.063522 -0.094751 0.130372     0.036  0.021  0.053  0.029  0.122   0.0   0.0   0.0 0.028     0.081  0.102  0.162  0.084  0.233   0.0   0.0   0.0 0.025    0.995
  8.0 13.15481  0.004365  0.129189 -0.179546 0.221237     0.006  0.132  0.009  0.018  0.009   0.0   0.0   0.0 0.028     0.010  0.606  0.046  0.031  0.046   0.0   0.0   0.0 0.022    0.997
  9.0 13.07394 -0.054389  0.194856 -0.264342 0.332872     0.001  0.064  0.062  0.129  0.015   0.0   0.0   0.0 0.042     0.020  0.127  0.174  0.274  0.032   0.0   0.0   0.0 0.036    0.997
 10.0 13.11814  0.239380 -0.133478  0.159636 0.317180     0.000  0.047  0.057  0.081  0.012   0.0   0.0   0.0 0.027     0.019  0.133  0.218  0.281  0.046   0.0   0.0   0.0 0.050    0.996
 11.0 13.18055  0.180626 -0.067812  0.074840 0.206943     0.035  0.029  0.034  0.041  0.014   0.0   0.0   0.0 0.037     0.061  0.137  0.204  0.168  0.186   0.0   0.0   0.0 0.031    0.996
 12.0 13.16363  0.121873 -0.002145 -0.009955 0.122297     0.003  0.042  0.026  0.088  0.028   0.0   0.0   0.0 0.066     0.067  0.169  0.196  0.135  0.120   0.0   0.0   0.0 0.032    0.996
 13.0 13.10149  0.126238  0.127044 -0.189502 0.260744     0.017  0.023  0.033  0.029  0.024   0.0   0.0   0.0 0.078     0.111  0.210  0.197  0.082  0.124   0.0   0.0   0.0 0.039    0.997
 14.0 13.13531  0.067484  0.192711 -0.274297 0.341951     0.010  0.000  0.082  0.149  0.000   0.0   0.0   0.0 0.000     0.024  0.000  0.231  0.472  0.000   0.0   0.0   0.0 0.000    0.993
 15.0 13.08748  0.008730  0.258378 -0.359093 0.442474     0.012  0.024  0.038  0.022  0.077   0.0   0.0   0.0 0.150     0.039  0.047  0.134  0.053  0.208   0.0   0.0   0.0 0.155    0.994
 16.0 13.11780  0.302499 -0.069956  0.064885 0.317190     0.061  0.044  0.079  0.023  0.043   0.0   0.0   0.0 0.045     0.169  0.076  0.130  0.029  0.212   0.0   0.0   0.0 0.065    0.995
 17.0 13.15368  0.243745 -0.004289 -0.019911 0.244595     0.197  0.076  0.015  0.029  0.007   0.0   0.0   0.0 0.032     0.312  0.116  0.059  0.050  0.040   0.0   0.0   0.0 0.029    0.996
 18.0 13.13563  0.184992  0.061378 -0.104706 0.221252     0.091  0.021  0.011  0.008  0.008   0.0   0.0   0.0 0.024     0.516  0.131  0.066  0.031  0.040   0.0   0.0   0.0 0.028    0.996
 19.0 13.09260 -0.189357 -0.190567  0.284253 0.391115     0.137  0.050  0.010  0.032  0.010   0.0   0.0   0.0 0.023     0.341  0.140  0.048  0.095  0.057   0.0   0.0   0.0 0.019    0.994
 20.0 13.13146 -0.248111 -0.124900  0.199457 0.341968     0.007  0.000  0.073  0.159  0.000   0.0   0.0   0.0 0.000     0.014  0.000  0.221  0.487  0.000   0.0   0.0   0.0 0.000    0.993
 21.0 13.07772 -0.306864 -0.059233  0.114662 0.332899     0.054  0.037  0.095  0.008  0.091   0.0   0.0   0.0 0.046     0.136  0.029  0.150  0.033  0.258   0.0   0.0   0.0 0.033    0.997
 22.0 13.16640 -0.013096 -0.387567  0.538639 0.663711     0.135  0.033  0.019  0.005  0.001   0.0   0.0   0.0 0.011     0.412  0.088  0.069  0.123  0.038   0.0   0.0   0.0 0.028    0.994
 23.0 13.07772 -0.071849 -0.321900  0.453844 0.561032     0.054  0.037  0.095  0.008  0.091   0.0   0.0   0.0 0.046     0.136  0.029  0.150  0.033  0.258   0.0   0.0   0.0 0.033    0.997
 24.0 13.13146 -0.130603 -0.256234  0.369048 0.467878     0.007  0.000  0.073  0.159  0.000   0.0   0.0   0.0 0.000     0.014  0.000  0.221  0.487  0.000   0.0   0.0   0.0 0.000    0.993
 25.0 13.10149 -0.126238 -0.127044  0.189502 0.260744     0.017  0.023  0.033  0.029  0.024   0.0   0.0   0.0 0.078     0.111  0.210  0.197  0.082  0.124   0.0   0.0   0.0 0.039    0.997
 26.0 13.13563 -0.184992 -0.061378  0.104706 0.221252     0.091  0.021  0.011  0.008  0.008   0.0   0.0   0.0 0.024     0.516  0.131  0.066  0.031  0.040   0.0   0.0   0.0 0.028    0.996
 27.0 13.15368 -0.243745  0.004289  0.019911 0.244595     0.197  0.076  0.015  0.029  0.007   0.0   0.0   0.0 0.032     0.312  0.116  0.059  0.050  0.040   0.0   0.0   0.0 0.029    0.996
 28.0 13.11780  0.050023 -0.324045  0.443889 0.551856     0.061  0.044  0.079  0.023  0.043   0.0   0.0   0.0 0.045     0.169  0.076  0.130  0.029  0.212   0.0   0.0   0.0 0.065    0.995
 29.0 13.08748 -0.008730 -0.258378  0.359093 0.442474     0.012  0.024  0.038  0.022  0.077   0.0   0.0   0.0 0.150     0.039  0.047  0.134  0.053  0.208   0.0   0.0   0.0 0.155    0.994
 30.0 13.13531 -0.067484 -0.192711  0.274297 0.341951     0.010  0.000  0.082  0.149  0.000   0.0   0.0   0.0 0.000     0.024  0.000  0.231  0.472  0.000   0.0   0.0   0.0 0.000    0.993
 31.0 13.14139 -0.063119 -0.063522  0.094751 0.130372     0.036  0.021  0.053  0.029  0.122   0.0   0.0   0.0 0.028     0.081  0.102  0.162  0.084  0.233   0.0   0.0   0.0 0.025    0.995
 32.0 13.16363 -0.121873  0.002145  0.009955 0.122297     0.003  0.042  0.026  0.088  0.028   0.0   0.0   0.0 0.066     0.067  0.169  0.196  0.135  0.120   0.0   0.0   0.0 0.032    0.996
 33.0 13.18055 -0.180626  0.067812 -0.074840 0.206943     0.035  0.029  0.034  0.041  0.014   0.0   0.0   0.0 0.037     0.061  0.137  0.204  0.168  0.186   0.0   0.0   0.0 0.031    0.996
 34.0 13.11814  0.113142 -0.260523  0.349138 0.450078     0.000  0.047  0.057  0.081  0.012   0.0   0.0   0.0 0.027     0.019  0.133  0.218  0.281  0.046   0.0   0.0   0.0 0.050    0.996
 35.0 13.07394  0.054389 -0.194856  0.264342 0.332872     0.001  0.064  0.062  0.129  0.015   0.0   0.0   0.0 0.042     0.020  0.127  0.174  0.274  0.032   0.0   0.0   0.0 0.036    0.997
 36.0 13.15481 -0.004365 -0.129189  0.179546 0.221237     0.006  0.132  0.009  0.018  0.009   0.0   0.0   0.0 0.028     0.010  0.606  0.046  0.031  0.046   0.0   0.0   0.0 0.022    0.997
 37.0 13.27177 -0.003501  0.096472  0.152067 0.180120     0.102  0.073  0.016  0.048  0.042   0.0   0.0   0.0 0.022     0.228  0.144  0.034  0.136  0.080   0.0   0.0   0.0 0.047    0.994
 38.0 13.34574 -0.062255  0.162138  0.067271 0.186253     0.054  0.032  0.068  0.012  0.068   0.0   0.0   0.0 0.018     0.240  0.151  0.125  0.046  0.150   0.0   0.0   0.0 0.010    0.995
 39.0 13.32088 -0.121009  0.227805 -0.017524 0.258545     0.008  0.180  0.044  0.006  0.023   0.0   0.0   0.0 0.018     0.018  0.446  0.098  0.045  0.063   0.0   0.0   0.0 0.017    0.996
 40.0 13.19265  0.172760 -0.100529  0.406453 0.452942     0.040  0.035  0.006  0.089  0.027   0.0   0.0   0.0 0.033     0.136  0.202  0.178  0.153  0.066   0.0   0.0   0.0 0.008    0.997
 41.0 13.13992  0.114006 -0.034862  0.321658 0.343040     0.045  0.039  0.021  0.046  0.035   0.0   0.0   0.0 0.074     0.167  0.061  0.123  0.111  0.193   0.0   0.0   0.0 0.055    0.996
 42.0 13.16537  0.055252  0.030805  0.236862 0.245164     0.077  0.037  0.078  0.021  0.143   0.0   0.0   0.0 0.032     0.105  0.064  0.096  0.046  0.228   0.0   0.0   0.0 0.049    0.996
 43.0 13.28024  0.059618  0.159994  0.057316 0.180104     0.015  0.096  0.027  0.037  0.074   0.0   0.0   0.0 0.014     0.051  0.154  0.111  0.115  0.245   0.0   0.0   0.0 0.032    0.992
 44.0 13.23667  0.000864  0.225661 -0.027480 0.227329     0.019  0.025  0.109  0.049  0.012   0.0   0.0   0.0 0.078     0.015  0.094  0.305  0.166  0.062   0.0   0.0   0.0 0.041    0.996
 45.0 13.16727 -0.057890  0.291328 -0.112275 0.317535     0.028  0.044  0.095  0.079  0.034   0.0   0.0   0.0 0.008     0.096  0.077  0.284  0.144  0.077   0.0   0.0   0.0 0.012    0.997
 46.0 13.15528  0.235879 -0.037007  0.311703 0.392641     0.014  0.060  0.048  0.036  0.024   0.0   0.0   0.0 0.038     0.070  0.254  0.152  0.103  0.126   0.0   0.0   0.0 0.046    0.995
 47.0 13.12074  0.177125  0.028660  0.226907 0.289277     0.008  0.051  0.100  0.053  0.019   0.0   0.0   0.0 0.036     0.029  0.186  0.269  0.086  0.085   0.0   0.0   0.0 0.045    0.996
 48.0 13.20059  0.118371  0.094327  0.142111 0.207617     0.042  0.079  0.028  0.103  0.029   0.0   0.0   0.0 0.041     0.134  0.103  0.067  0.131  0.161   0.0   0.0   0.0 0.058    0.994
 49.0 13.11518  0.122736  0.223516 -0.037435 0.257731     0.065  0.081  0.080  0.037  0.004   0.0   0.0   0.0 0.040     0.140  0.197  0.203  0.083  0.016   0.0   0.0   0.0 0.027    0.995
 50.0 13.14051  0.063983  0.289183 -0.122231 0.320407     0.001  0.009  0.136  0.107  0.003   0.0   0.0   0.0 0.011     0.012  0.033  0.341  0.290  0.003   0.0   0.0   0.0 0.022    0.995
 51.0 13.11988  0.005229  0.354850 -0.207026 0.410860     0.014  0.070  0.015  0.050  0.041   0.0   0.0   0.0 0.041     0.063  0.188  0.054  0.135  0.085   0.0   0.0   0.0 0.223    0.993
 52.0 13.14202  0.298998  0.026515  0.216952 0.370366     0.034  0.043  0.022  0.011  0.046   0.0   0.0   0.0 0.011     0.149  0.258  0.058  0.138  0.168   0.0   0.0   0.0 0.045    0.993
 53.0 13.12863  0.240244  0.092182  0.132156 0.289275     0.051  0.028  0.027  0.090  0.014   0.0   0.0   0.0 0.036     0.129  0.071  0.120  0.267  0.113   0.0   0.0   0.0 0.027    0.996
 54.0 13.15225  0.181490  0.157849  0.047361 0.245149     0.010  0.084  0.096  0.122  0.001   0.0   0.0   0.0 0.030     0.015  0.175  0.207  0.149  0.017   0.0   0.0   0.0 0.054    0.995
 55.0 13.11637 -0.192858 -0.094095  0.436319 0.486233     0.008  0.139  0.051  0.019  0.020   0.0   0.0   0.0 0.032     0.025  0.415  0.086  0.040  0.054   0.0   0.0   0.0 0.078    0.994
 56.0 13.15151 -0.251612 -0.028428  0.351524 0.433227     0.035  0.047  0.029  0.018  0.031   0.0   0.0   0.0 0.042     0.150  0.147  0.146  0.094  0.111   0.0   0.0   0.0 0.124    0.993
 57.0 13.12257 -0.310366  0.037239  0.266728 0.410923     0.076  0.032  0.076  0.005  0.011   0.0   0.0   0.0 0.038     0.133  0.164  0.151  0.036  0.041   0.0   0.0   0.0 0.215    0.993
 58.0 13.15880 -0.016597 -0.291096  0.690706 0.749725     0.046  0.022  0.037  0.026  0.050   0.0   0.0   0.0 0.020     0.121  0.126  0.115  0.168  0.203   0.0   0.0   0.0 0.045    0.995
 59.0 13.13288 -0.075351 -0.225429  0.605911 0.650864     0.010  0.096  0.075  0.036  0.005   0.0   0.0   0.0 0.041     0.037  0.402  0.134  0.060  0.023   0.0   0.0   0.0 0.048    0.996
 60.0 13.15199 -0.134104 -0.159762  0.521115 0.561310     0.011  0.217  0.031  0.029  0.014   0.0   0.0   0.0 0.015     0.046  0.385  0.115  0.049  0.046   0.0   0.0   0.0 0.013    0.996
 61.0 13.12162 -0.129739 -0.030573  0.341569 0.366655     0.049  0.030  0.032  0.051  0.040   0.0   0.0   0.0 0.086     0.180  0.116  0.080  0.074  0.131   0.0   0.0   0.0 0.106    0.994
 62.0 13.14424 -0.188493  0.035094  0.256773 0.320458     0.014  0.000  0.065  0.024  0.177   0.0   0.0   0.0 0.015     0.039  0.007  0.152  0.035  0.416   0.0   0.0   0.0 0.015    0.995
 63.0 13.16796 -0.247247  0.100761  0.171977 0.317585     0.073  0.004  0.106  0.056  0.037   0.0   0.0   0.0 0.003     0.130  0.041  0.212  0.175  0.126   0.0   0.0   0.0 0.021    0.997
 64.0 13.19285  0.046522 -0.227573  0.595955 0.639622     0.045  0.050  0.043  0.038  0.017   0.0   0.0   0.0 0.032     0.197  0.244  0.073  0.094  0.133   0.0   0.0   0.0 0.008    0.997
 65.0 13.09567 -0.012232 -0.161907  0.511160 0.536328     0.034  0.057  0.014  0.085  0.002   0.0   0.0   0.0 0.081     0.150  0.212  0.145  0.162  0.011   0.0   0.0   0.0 0.020    0.997
 66.0 13.13415 -0.070986 -0.096240  0.426364 0.442818     0.004  0.006  0.046  0.039  0.026   0.0   0.0   0.0 0.214     0.066  0.101  0.135  0.079  0.103   0.0   0.0   0.0 0.143    0.995
 67.0 13.11892 -0.066620  0.032949  0.246818 0.257765     0.050  0.095  0.025  0.042  0.049   0.0   0.0   0.0 0.037     0.081  0.319  0.048  0.107  0.108   0.0   0.0   0.0 0.012    0.995
 68.0 13.24463 -0.125374  0.098616  0.162022 0.227365     0.055  0.003  0.061  0.106  0.032   0.0   0.0   0.0 0.055     0.096  0.042  0.132  0.281  0.079   0.0   0.0   0.0 0.028    0.997
 69.0 13.31633 -0.184128  0.164283  0.077227 0.258565     0.159  0.025  0.008  0.013  0.026   0.0   0.0   0.0 0.014     0.382  0.070  0.100  0.098  0.070   0.0   0.0   0.0 0.011    0.996
 70.0 13.20388  0.109641 -0.164051  0.501204 0.538646     0.031  0.096  0.045  0.040  0.029   0.0   0.0   0.0 0.042     0.116  0.216  0.103  0.085  0.164   0.0   0.0   0.0 0.013    0.998
 71.0 13.09250  0.050887 -0.098384  0.416409 0.430889     0.033  0.073  0.075  0.047  0.031   0.0   0.0   0.0 0.075     0.089  0.200  0.087  0.089  0.153   0.0   0.0   0.0 0.026    0.997
 72.0 13.14608 -0.007867 -0.032717  0.331613 0.333316     0.194  0.052  0.023  0.009  0.021   0.0   0.0   0.0 0.005     0.276  0.171  0.074  0.046  0.069   0.0   0.0   0.0 0.036    0.995
 73.0 13.25212 -0.007003  0.192943  0.304134 0.360241     0.006  0.018  0.057  0.104  0.036   0.0   0.0   0.0 0.021     0.029  0.026  0.139  0.382  0.077   0.0   0.0   0.0 0.068    0.993
 74.0 13.31696 -0.065757  0.258610  0.219338 0.345416     0.129  0.022  0.026  0.000  0.051   0.0   0.0   0.0 0.000     0.440  0.057  0.109  0.002  0.134   0.0   0.0   0.0 0.000    0.991
 75.0 13.37662 -0.124510  0.324277  0.134542 0.372505     0.022  0.005  0.039  0.063  0.020   0.0   0.0   0.0 0.074     0.078  0.051  0.164  0.168  0.086   0.0   0.0   0.0 0.198    0.990
 76.0 13.24258  0.169258 -0.004057  0.558520 0.583618     0.091  0.046  0.026  0.004  0.104   0.0   0.0   0.0 0.000     0.295  0.085  0.083  0.022  0.210   0.0   0.0   0.0 0.000    0.992
 77.0 13.12733  0.110505  0.061609  0.473725 0.490329     0.038  0.103  0.019  0.025  0.036   0.0   0.0   0.0 0.015     0.160  0.299  0.037  0.049  0.183   0.0   0.0   0.0 0.004    0.996
 78.0 13.14025  0.051751  0.127276  0.388929 0.412484     0.055  0.008  0.076  0.022  0.147   0.0   0.0   0.0 0.062     0.044  0.046  0.142  0.072  0.272   0.0   0.0   0.0 0.028    0.996
 79.0 13.25241  0.056116  0.256465  0.209383 0.335804     0.002  0.018  0.027  0.013  0.017   0.0   0.0   0.0 0.000     0.002  0.013  0.204  0.552  0.046   0.0   0.0   0.0 0.080    0.992
 80.0 13.31530 -0.002638  0.322132  0.124587 0.345396     0.111  0.053  0.025  0.000  0.061   0.0   0.0   0.0 0.000     0.301  0.175  0.064  0.000  0.184   0.0   0.0   0.0 0.000    0.991
 81.0 13.28192 -0.061391  0.387799  0.039791 0.394640     0.000  0.000  0.076  0.101  0.049   0.0   0.0   0.0 0.001     0.001  0.001  0.200  0.335  0.199   0.0   0.0   0.0 0.002    0.995
 82.0 13.14029  0.232377  0.059465  0.463769 0.522128     0.043  0.046  0.047  0.040  0.014   0.0   0.0   0.0 0.018     0.133  0.245  0.134  0.126  0.051   0.0   0.0   0.0 0.080    0.995
 83.0 13.09934  0.173624  0.125132  0.378974 0.435229     0.000  0.011  0.124  0.182  0.023   0.0   0.0   0.0 0.050     0.013  0.038  0.230  0.238  0.034   0.0   0.0   0.0 0.014    0.997
 84.0 13.14142  0.114870  0.190799  0.294178 0.368972     0.005  0.022  0.107  0.110  0.000   0.0   0.0   0.0 0.004     0.038  0.051  0.336  0.300  0.000   0.0   0.0   0.0 0.000    0.993
 85.0 13.25386  0.119235  0.319988  0.114632 0.360208     0.014  0.013  0.066  0.103  0.023   0.0   0.0   0.0 0.024     0.020  0.035  0.118  0.386  0.088   0.0   0.0   0.0 0.069    0.993
 86.0 13.12985  0.060481  0.385655  0.029836 0.391507     0.016  0.054  0.104  0.045  0.014   0.0   0.0   0.0 0.052     0.097  0.145  0.242  0.126  0.037   0.0   0.0   0.0 0.042    0.996
 87.0 13.17339  0.001728  0.451321 -0.054959 0.454659     0.017  0.002  0.042  0.032  0.119   0.0   0.0   0.0 0.003     0.084  0.009  0.156  0.122  0.363   0.0   0.0   0.0 0.003    0.993
 88.0 13.08349  0.295496  0.122987  0.369018 0.488486     0.132  0.087  0.019  0.014  0.021   0.0   0.0   0.0 0.003     0.321  0.213  0.046  0.041  0.077   0.0   0.0   0.0 0.000    0.994
 89.0 13.03709  0.236743  0.188654  0.284223 0.415235     0.021  0.100  0.037  0.088  0.018   0.0   0.0   0.0 0.063     0.112  0.196  0.058  0.182  0.041   0.0   0.0   0.0 0.047    0.996
 90.0 13.14108  0.177989  0.254321  0.199427 0.368958     0.032  0.000  0.042  0.026  0.139   0.0   0.0   0.0 0.005     0.090  0.002  0.150  0.069  0.410   0.0   0.0   0.0 0.002    0.993
 91.0 13.12338 -0.196360  0.002377  0.588386 0.620291     0.024  0.071  0.042  0.025  0.022   0.0   0.0   0.0 0.032     0.126  0.140  0.115  0.229  0.096   0.0   0.0   0.0 0.041    0.995
 92.0 13.12204 -0.255113  0.068043  0.503591 0.568609     0.090  0.078  0.038  0.014  0.012   0.0   0.0   0.0 0.009     0.321  0.189  0.125  0.042  0.031   0.0   0.0   0.0 0.021    0.995
 93.0 13.10771 -0.313867  0.133710  0.418795 0.540167     0.026  0.085  0.036  0.011  0.017   0.0   0.0   0.0 0.007     0.139  0.172  0.130  0.041  0.115   0.0   0.0   0.0 0.183    0.993
 94.0 13.08043 -0.020098 -0.194624  0.842773 0.865187     0.005  0.179  0.002  0.010  0.070   0.0   0.0   0.0 0.000     0.024  0.466  0.008  0.053  0.142   0.0   0.0   0.0 0.000    0.994
 95.0 13.09896 -0.078852 -0.128957  0.757977 0.772902     0.008  0.005  0.051  0.260  0.002   0.0   0.0   0.0 0.054     0.036  0.028  0.104  0.385  0.022   0.0   0.0   0.0 0.016    0.997
 96.0 13.12060 -0.137606 -0.063290  0.673182 0.690011     0.026  0.018  0.047  0.146  0.009   0.0   0.0   0.0 0.062     0.053  0.026  0.190  0.298  0.046   0.0   0.0   0.0 0.047    0.996
 97.0 13.08596 -0.133241  0.065899  0.493635 0.515530     0.102  0.175  0.011  0.004  0.017   0.0   0.0   0.0 0.000     0.149  0.378  0.045  0.041  0.033   0.0   0.0   0.0 0.003    0.996
 98.0 13.12483 -0.191994  0.131566  0.408840 0.470448     0.009  0.116  0.031  0.026  0.023   0.0   0.0   0.0 0.027     0.020  0.369  0.117  0.064  0.084   0.0   0.0   0.0 0.078    0.994
 99.0 13.17585 -0.250748  0.197233  0.324044 0.454731     0.000  0.021  0.136  0.074  0.007   0.0   0.0   0.0 0.000     0.000  0.088  0.415  0.207  0.016   0.0   0.0   0.0 0.000    0.993
100.0 13.13960  0.043021 -0.131102  0.748022 0.760641     0.001  0.018  0.056  0.173  0.001   0.0   0.0   0.0 0.005     0.009  0.037  0.160  0.474  0.008   0.0   0.0   0.0 0.013    0.992
101.0 13.13667 -0.015733 -0.065435  0.663226 0.666632     0.007  0.011  0.181  0.038  0.004   0.0   0.0   0.0 0.043     0.022  0.028  0.442  0.139  0.014   0.0   0.0   0.0 0.024    0.996
102.0 13.10923 -0.074487  0.000232  0.578431 0.583207     0.025  0.018  0.109  0.107  0.009   0.0   0.0   0.0 0.123     0.054  0.098  0.192  0.160  0.052   0.0   0.0   0.0 0.019    0.996
103.0 13.12181 -0.070122  0.129421  0.398884 0.425177     0.082  0.047  0.031  0.042  0.019   0.0   0.0   0.0 0.048     0.194  0.066  0.066  0.231  0.101   0.0   0.0   0.0 0.045    0.995
104.0 13.12539 -0.128875  0.195088  0.314089 0.391561     0.053  0.048  0.043  0.077  0.023   0.0   0.0   0.0 0.045     0.231  0.093  0.058  0.212  0.057   0.0   0.0   0.0 0.040    0.996
105.0 13.28196 -0.187629  0.260755  0.229293 0.394681     0.005  0.000  0.004  0.005  0.211   0.0   0.0   0.0 0.001     0.009  0.004  0.009  0.032  0.666   0.0   0.0   0.0 0.000    0.995
106.0 13.24340  0.106139 -0.067580  0.653271 0.665279     0.119  0.019  0.033  0.010  0.087   0.0   0.0   0.0 0.000     0.258  0.112  0.074  0.027  0.227   0.0   0.0   0.0 0.000    0.992
107.0 13.16971  0.047386 -0.001913  0.568476 0.570450     0.024  0.063  0.033  0.035  0.014   0.0   0.0   0.0 0.030     0.133  0.352  0.117  0.080  0.048   0.0   0.0   0.0 0.046    0.995
108.0 13.10484 -0.011368  0.063754  0.483680 0.487996     0.022  0.030  0.060  0.180  0.030   0.0   0.0   0.0 0.037     0.038  0.068  0.115  0.303  0.076   0.0   0.0   0.0 0.014    0.996
109.0 13.14510  0.010504 -0.289415 -0.456200 0.540361     0.055  0.061  0.022  0.031  0.010   0.0   0.0   0.0 0.011     0.141  0.224  0.130  0.103  0.151   0.0   0.0   0.0 0.029    0.994
110.0 13.14406 -0.048250 -0.223748 -0.540996 0.587425     0.050  0.018  0.045  0.015  0.102   0.0   0.0   0.0 0.000     0.214  0.081  0.204  0.041  0.201   0.0   0.0   0.0 0.000    0.993
111.0 13.20204 -0.107003 -0.158081 -0.625791 0.654259     0.077  0.046  0.038  0.010  0.077   0.0   0.0   0.0 0.008     0.198  0.104  0.062  0.025  0.310   0.0   0.0   0.0 0.007    0.993
112.0 13.16519  0.186765 -0.486415 -0.201814 0.558758     0.133  0.039  0.054  0.007  0.024   0.0   0.0   0.0 0.036     0.198  0.064  0.177  0.020  0.205   0.0   0.0   0.0 0.020    0.995
113.0 13.20204  0.128012 -0.420749 -0.286609 0.524939     0.077  0.046  0.038  0.010  0.077   0.0   0.0   0.0 0.008     0.198  0.104  0.062  0.025  0.310   0.0   0.0   0.0 0.007    0.993
114.0 13.14406  0.069258 -0.355082 -0.371405 0.518480     0.050  0.018  0.045  0.015  0.102   0.0   0.0   0.0 0.000     0.214  0.081  0.204  0.041  0.201   0.0   0.0   0.0 0.000    0.993
115.0 13.13991  0.073623 -0.225893 -0.550951 0.599996     0.128  0.089  0.037  0.007  0.000   0.0   0.0   0.0 0.002     0.393  0.201  0.097  0.014  0.000   0.0   0.0   0.0 0.000    0.994
116.0 13.17846  0.014869 -0.160226 -0.635747 0.655795     0.056  0.051  0.050  0.069  0.076   0.0   0.0   0.0 0.040     0.078  0.071  0.133  0.207  0.098   0.0   0.0   0.0 0.049    0.994
117.0 13.20570 -0.043884 -0.094559 -0.720542 0.728044     0.126  0.048  0.033  0.006  0.079   0.0   0.0   0.0 0.002     0.279  0.081  0.112  0.017  0.169   0.0   0.0   0.0 0.000    0.993
118.0 13.12854  0.249884 -0.422893 -0.296564 0.573787     0.055  0.022  0.042  0.061  0.027   0.0   0.0   0.0 0.074     0.132  0.092  0.256  0.080  0.082   0.0   0.0   0.0 0.049    0.996
119.0 13.12907  0.191131 -0.357226 -0.381360 0.556397     0.049  0.078  0.046  0.011  0.057   0.0   0.0   0.0 0.024     0.168  0.177  0.098  0.016  0.237   0.0   0.0   0.0 0.021    0.997
120.0 13.15925  0.132377 -0.291560 -0.466156 0.565537     0.027  0.009  0.068  0.082  0.022   0.0   0.0   0.0 0.005     0.114  0.057  0.310  0.212  0.064   0.0   0.0   0.0 0.002    0.995
121.0 13.14057  0.136742 -0.162370 -0.645702 0.679701     0.000  0.226  0.001  0.020  0.024   0.0   0.0   0.0 0.006     0.003  0.564  0.006  0.038  0.068   0.0   0.0   0.0 0.000    0.994
122.0 13.14656  0.077988 -0.096704 -0.730498 0.740986     0.059  0.026  0.076  0.042  0.050   0.0   0.0   0.0 0.001     0.191  0.068  0.210  0.093  0.162   0.0   0.0   0.0 0.002    0.994
123.0 13.12177  0.019235 -0.031037 -0.815293 0.816110     0.102  0.009  0.048  0.004  0.048   0.0   0.0   0.0 0.024     0.306  0.044  0.187  0.010  0.166   0.0   0.0   0.0 0.025    0.997
124.0 13.09711  0.313003 -0.359371 -0.391315 0.616641     0.012  0.015  0.040  0.044  0.074   0.0   0.0   0.0 0.044     0.061  0.083  0.208  0.135  0.236   0.0   0.0   0.0 0.022    0.996
125.0 13.03456  0.254250 -0.293704 -0.476111 0.614481     0.014  0.053  0.088  0.148  0.014   0.0   0.0   0.0 0.091     0.087  0.067  0.121  0.191  0.062   0.0   0.0   0.0 0.031    0.997
126.0 13.03107  0.195496 -0.228037 -0.560907 0.636267     0.045  0.104  0.021  0.092  0.025   0.0   0.0   0.0 0.066     0.086  0.172  0.097  0.135  0.049   0.0   0.0   0.0 0.078    0.996
127.0 13.16026 -0.178853 -0.479981 -0.171948 0.540311     0.071  0.000  0.071  0.009  0.023   0.0   0.0   0.0 0.020     0.559  0.011  0.118  0.027  0.035   0.0   0.0   0.0 0.019    0.994
128.0 13.16057 -0.237606 -0.414315 -0.256743 0.542246     0.028  0.013  0.071  0.070  0.026   0.0   0.0   0.0 0.003     0.144  0.047  0.253  0.207  0.101   0.0   0.0   0.0 0.009    0.995
129.0 13.03704 -0.296360 -0.348648 -0.341539 0.570993     0.027  0.140  0.048  0.072  0.037   0.0   0.0   0.0 0.048     0.083  0.255  0.087  0.091  0.072   0.0   0.0   0.0 0.015    0.996
130.0 13.08801 -0.002591 -0.676982  0.082439 0.681988     0.017  0.015  0.068  0.083  0.069   0.0   0.0   0.0 0.038     0.023  0.038  0.128  0.155  0.288   0.0   0.0   0.0 0.041    0.995
131.0 13.03704 -0.061345 -0.611315 -0.002356 0.614390     0.027  0.140  0.048  0.072  0.037   0.0   0.0   0.0 0.048     0.083  0.255  0.087  0.091  0.072   0.0   0.0   0.0 0.015    0.996
132.0 13.16057 -0.120099 -0.545648 -0.087152 0.565466     0.028  0.013  0.071  0.070  0.026   0.0   0.0   0.0 0.003     0.144  0.047  0.253  0.207  0.101   0.0   0.0   0.0 0.009    0.995
133.0 13.14057 -0.115734 -0.416459 -0.266698 0.507898     0.000  0.226  0.001  0.020  0.024   0.0   0.0   0.0 0.006     0.003  0.564  0.006  0.038  0.068   0.0   0.0   0.0 0.000    0.994
134.0 13.03107 -0.174487 -0.350792 -0.351494 0.526355     0.045  0.104  0.021  0.092  0.025   0.0   0.0   0.0 0.066     0.086  0.172  0.097  0.135  0.049   0.0   0.0   0.0 0.078    0.996
135.0 13.03456 -0.233241 -0.285125 -0.436290 0.571005     0.014  0.053  0.088  0.148  0.014   0.0   0.0   0.0 0.091     0.087  0.067  0.121  0.191  0.062   0.0   0.0   0.0 0.031    0.997
136.0 13.09711  0.060528 -0.613460 -0.012312 0.616562     0.012  0.015  0.040  0.044  0.074   0.0   0.0   0.0 0.044     0.061  0.083  0.208  0.135  0.236   0.0   0.0   0.0 0.022    0.996
137.0 13.12177  0.001774 -0.547793 -0.097107 0.556336     0.102  0.009  0.048  0.004  0.048   0.0   0.0   0.0 0.024     0.306  0.044  0.187  0.010  0.166   0.0   0.0   0.0 0.025    0.997
138.0 13.14656 -0.056980 -0.482126 -0.181903 0.518441     0.059  0.026  0.076  0.042  0.050   0.0   0.0   0.0 0.001     0.191  0.068  0.210  0.093  0.162   0.0   0.0   0.0 0.002    0.994
139.0 13.13991 -0.052615 -0.352937 -0.361449 0.507916     0.128  0.089  0.037  0.007  0.000   0.0   0.0   0.0 0.002     0.393  0.201  0.097  0.014  0.000   0.0   0.0   0.0 0.000    0.994
140.0 13.15925 -0.111368 -0.287270 -0.446245 0.542274     0.027  0.009  0.068  0.082  0.022   0.0   0.0   0.0 0.005     0.114  0.057  0.310  0.212  0.064   0.0   0.0   0.0 0.002    0.995
141.0 13.12907 -0.170122 -0.221603 -0.531040 0.600045     0.049  0.078  0.046  0.011  0.057   0.0   0.0   0.0 0.024     0.168  0.177  0.098  0.016  0.237   0.0   0.0   0.0 0.021    0.997
142.0 13.12854  0.123647 -0.549938 -0.107063 0.573744     0.055  0.022  0.042  0.061  0.027   0.0   0.0   0.0 0.074     0.132  0.092  0.256  0.080  0.082   0.0   0.0   0.0 0.049    0.996
143.0 13.20570  0.064893 -0.484271 -0.191858 0.524918     0.126  0.048  0.033  0.006  0.079   0.0   0.0   0.0 0.002     0.279  0.081  0.112  0.017  0.169   0.0   0.0   0.0 0.000    0.993
144.0 13.17846  0.006139 -0.418604 -0.276654 0.501801     0.056  0.051  0.050  0.069  0.076   0.0   0.0   0.0 0.040     0.078  0.071  0.133  0.207  0.098   0.0   0.0   0.0 0.049    0.994
145.0 13.25212  0.007003 -0.192943 -0.304134 0.360241     0.006  0.018  0.057  0.104  0.036   0.0   0.0   0.0 0.021     0.029  0.026  0.139  0.382  0.077   0.0   0.0   0.0 0.068    0.993
146.0 13.14025 -0.051751 -0.127276 -0.388929 0.412484     0.055  0.008  0.076  0.022  0.147   0.0   0.0   0.0 0.062     0.044  0.046  0.142  0.072  0.272   0.0   0.0   0.0 0.028    0.996
147.0 13.12733 -0.110505 -0.061609 -0.473725 0.490329     0.038  0.103  0.019  0.025  0.036   0.0   0.0   0.0 0.015     0.160  0.299  0.037  0.049  0.183   0.0   0.0   0.0 0.004    0.996
148.0 13.24258  0.183264 -0.389944 -0.049747 0.433724     0.091  0.046  0.026  0.004  0.104   0.0   0.0   0.0 0.000     0.295  0.085  0.083  0.022  0.210   0.0   0.0   0.0 0.000    0.992
149.0 13.37662  0.124510 -0.324277 -0.134542 0.372505     0.022  0.005  0.039  0.063  0.020   0.0   0.0   0.0 0.074     0.078  0.051  0.164  0.168  0.086   0.0   0.0   0.0 0.198    0.990
150.0 13.31696  0.065757 -0.258610 -0.219338 0.345416     0.129  0.022  0.026  0.000  0.051   0.0   0.0   0.0 0.000     0.440  0.057  0.109  0.002  0.134   0.0   0.0   0.0 0.000    0.991
151.0 13.12181  0.070122 -0.129421 -0.398884 0.425177     0.082  0.047  0.031  0.042  0.019   0.0   0.0   0.0 0.048     0.194  0.066  0.066  0.231  0.101   0.0   0.0   0.0 0.045    0.995
152.0 13.10484  0.011368 -0.063754 -0.483680 0.487996     0.022  0.030  0.060  0.180  0.030   0.0   0.0   0.0 0.037     0.038  0.068  0.115  0.303  0.076   0.0   0.0   0.0 0.014    0.996
153.0 13.16971 -0.047386  0.001913 -0.568476 0.570450     0.024  0.063  0.033  0.035  0.014   0.0   0.0   0.0 0.030     0.133  0.352  0.117  0.080  0.048   0.0   0.0   0.0 0.046    0.995
154.0 13.24340  0.246383 -0.326422 -0.144498 0.433746     0.119  0.019  0.033  0.010  0.087   0.0   0.0   0.0 0.000     0.258  0.112  0.074  0.027  0.227   0.0   0.0   0.0 0.000    0.992
155.0 13.28196  0.187629 -0.260755 -0.229293 0.394681     0.005  0.000  0.004  0.005  0.211   0.0   0.0   0.0 0.001     0.009  0.004  0.009  0.032  0.666   0.0   0.0   0.0 0.000    0.995
156.0 13.12539  0.128875 -0.195088 -0.314089 0.391561     0.053  0.048  0.043  0.077  0.023   0.0   0.0   0.0 0.045     0.231  0.093  0.058  0.212  0.057   0.0   0.0   0.0 0.040    0.996
157.0 13.08596  0.133241 -0.065899 -0.493635 0.515530     0.102  0.175  0.011  0.004  0.017   0.0   0.0   0.0 0.000     0.149  0.378  0.045  0.041  0.033   0.0   0.0   0.0 0.003    0.996
158.0 13.10923  0.074487 -0.000232 -0.578431 0.583207     0.025  0.018  0.109  0.107  0.009   0.0   0.0   0.0 0.123     0.054  0.098  0.192  0.160  0.052   0.0   0.0   0.0 0.019    0.996
159.0 13.13667  0.015733  0.065435 -0.663226 0.666632     0.007  0.011  0.181  0.038  0.004   0.0   0.0   0.0 0.043     0.022  0.028  0.442  0.139  0.014   0.0   0.0   0.0 0.024    0.996
160.0 13.13960  0.309502 -0.262899 -0.239249 0.471325     0.001  0.018  0.056  0.173  0.001   0.0   0.0   0.0 0.005     0.009  0.037  0.160  0.474  0.008   0.0   0.0   0.0 0.013    0.992
161.0 13.17585  0.250748 -0.197233 -0.324044 0.454731     0.000  0.021  0.136  0.074  0.007   0.0   0.0   0.0 0.000     0.000  0.088  0.415  0.207  0.016   0.0   0.0   0.0 0.000    0.993
162.0 13.12483  0.191994 -0.131566 -0.408840 0.470448     0.009  0.116  0.031  0.026  0.023   0.0   0.0   0.0 0.027     0.020  0.369  0.117  0.064  0.084   0.0   0.0   0.0 0.078    0.994
163.0 13.12338 -0.182354 -0.383510 -0.019881 0.425121     0.024  0.071  0.042  0.025  0.022   0.0   0.0   0.0 0.032     0.126  0.140  0.115  0.229  0.096   0.0   0.0   0.0 0.041    0.995
164.0 13.12060 -0.241108 -0.317843 -0.104676 0.412449     0.026  0.018  0.047  0.146  0.009   0.0   0.0   0.0 0.062     0.053  0.026  0.190  0.298  0.046   0.0   0.0   0.0 0.047    0.996
165.0 13.09896 -0.299862 -0.252176 -0.189472 0.435212     0.008  0.005  0.051  0.260  0.002   0.0   0.0   0.0 0.054     0.036  0.028  0.104  0.385  0.022   0.0   0.0   0.0 0.016    0.997
166.0 13.08043 -0.006093 -0.580511  0.234506 0.626117     0.005  0.179  0.002  0.010  0.070   0.0   0.0   0.0 0.000     0.024  0.466  0.008  0.053  0.142   0.0   0.0   0.0 0.000    0.994
167.0 13.10771 -0.064847 -0.514844  0.149710 0.540076     0.026  0.085  0.036  0.011  0.017   0.0   0.0   0.0 0.007     0.139  0.172  0.130  0.041  0.115   0.0   0.0   0.0 0.183    0.993
168.0 13.12204 -0.123600 -0.449177  0.064915 0.470373     0.090  0.078  0.038  0.014  0.012   0.0   0.0   0.0 0.009     0.321  0.189  0.125  0.042  0.031   0.0   0.0   0.0 0.021    0.995
169.0 13.25386 -0.119235 -0.319988 -0.114632 0.360208     0.014  0.013  0.066  0.103  0.023   0.0   0.0   0.0 0.024     0.020  0.035  0.118  0.386  0.088   0.0   0.0   0.0 0.069    0.993
170.0 13.14108 -0.177989 -0.254321 -0.199427 0.368958     0.032  0.000  0.042  0.026  0.139   0.0   0.0   0.0 0.005     0.090  0.002  0.150  0.069  0.410   0.0   0.0   0.0 0.002    0.993
171.0 13.03709 -0.236743 -0.188654 -0.284223 0.415235     0.021  0.100  0.037  0.088  0.018   0.0   0.0   0.0 0.063     0.112  0.196  0.058  0.182  0.041   0.0   0.0   0.0 0.047    0.996
172.0 13.08349  0.057026 -0.516988  0.139755 0.538573     0.132  0.087  0.019  0.014  0.021   0.0   0.0   0.0 0.003     0.321  0.213  0.046  0.041  0.077   0.0   0.0   0.0 0.000    0.994
173.0 13.17339 -0.001728 -0.451321  0.054959 0.454659     0.017  0.002  0.042  0.032  0.119   0.0   0.0   0.0 0.003     0.084  0.009  0.156  0.122  0.363   0.0   0.0   0.0 0.003    0.993
174.0 13.12985 -0.060481 -0.385655 -0.029836 0.391507     0.016  0.054  0.104  0.045  0.014   0.0   0.0   0.0 0.052     0.097  0.145  0.242  0.126  0.037   0.0   0.0   0.0 0.042    0.996
175.0 13.25241 -0.056116 -0.256465 -0.209383 0.335804     0.002  0.018  0.027  0.013  0.017   0.0   0.0   0.0 0.000     0.002  0.013  0.204  0.552  0.046   0.0   0.0   0.0 0.080    0.992
176.0 13.14142 -0.114870 -0.190799 -0.294178 0.368972     0.005  0.022  0.107  0.110  0.000   0.0   0.0   0.0 0.004     0.038  0.051  0.336  0.300  0.000   0.0   0.0   0.0 0.000    0.993
177.0 13.09934 -0.173624 -0.125132 -0.378974 0.435229     0.000  0.011  0.124  0.182  0.023   0.0   0.0   0.0 0.050     0.013  0.038  0.230  0.238  0.034   0.0   0.0   0.0 0.014    0.997
178.0 13.14029  0.120145 -0.453466  0.045004 0.471266     0.043  0.046  0.047  0.040  0.014   0.0   0.0   0.0 0.018     0.133  0.245  0.134  0.126  0.051   0.0   0.0   0.0 0.080    0.995
179.0 13.28192  0.061391 -0.387799 -0.039791 0.394640     0.000  0.000  0.076  0.101  0.049   0.0   0.0   0.0 0.001     0.001  0.001  0.200  0.335  0.199   0.0   0.0   0.0 0.002    0.995
180.0 13.31530  0.002638 -0.322132 -0.124587 0.345396     0.111  0.053  0.025  0.000  0.061   0.0   0.0   0.0 0.000     0.301  0.175  0.064  0.000  0.184   0.0   0.0   0.0 0.000    0.991
181.0 13.27177  0.003501 -0.096472 -0.152067 0.180120     0.102  0.073  0.016  0.048  0.042   0.0   0.0   0.0 0.022     0.228  0.144  0.034  0.136  0.080   0.0   0.0   0.0 0.047    0.994
182.0 13.16537 -0.055252 -0.030805 -0.236862 0.245164     0.077  0.037  0.078  0.021  0.143   0.0   0.0   0.0 0.032     0.105  0.064  0.096  0.046  0.228   0.0   0.0   0.0 0.049    0.996
183.0 13.13992 -0.114006  0.034862 -0.321658 0.343040     0.045  0.039  0.021  0.046  0.035   0.0   0.0   0.0 0.074     0.167  0.061  0.123  0.111  0.193   0.0   0.0   0.0 0.055    0.996
184.0 13.19265  0.179763 -0.293472  0.102320 0.359040     0.040  0.035  0.006  0.089  0.027   0.0   0.0   0.0 0.033     0.136  0.202  0.178  0.153  0.066   0.0   0.0   0.0 0.008    0.997
185.0 13.32088  0.121009 -0.227805  0.017524 0.258545     0.008  0.180  0.044  0.006  0.023   0.0   0.0   0.0 0.018     0.018  0.446  0.098  0.045  0.063   0.0   0.0   0.0 0.017    0.996
186.0 13.34574  0.062255 -0.162138 -0.067271 0.186253     0.054  0.032  0.068  0.012  0.068   0.0   0.0   0.0 0.018     0.240  0.151  0.125  0.046  0.150   0.0   0.0   0.0 0.010    0.995
187.0 13.11892  0.066620 -0.032949 -0.246818 0.257765     0.050  0.095  0.025  0.042  0.049   0.0   0.0   0.0 0.037     0.081  0.319  0.048  0.107  0.108   0.0   0.0   0.0 0.012    0.995
188.0 13.14608  0.007867  0.032717 -0.331613 0.333316     0.194  0.052  0.023  0.009  0.021   0.0   0.0   0.0 0.005     0.276  0.171  0.074  0.046  0.069   0.0   0.0   0.0 0.036    0.995
189.0 13.09250 -0.050887  0.098384 -0.416409 0.430889     0.033  0.073  0.075  0.047  0.031   0.0   0.0   0.0 0.075     0.089  0.200  0.087  0.089  0.153   0.0   0.0   0.0 0.026    0.997
190.0 13.20388  0.242882 -0.229950  0.007569 0.334553     0.031  0.096  0.045  0.040  0.029   0.0   0.0   0.0 0.042     0.116  0.216  0.103  0.085  0.164   0.0   0.0   0.0 0.013    0.998
191.0 13.31633  0.184128 -0.164283 -0.077227 0.258565     0.159  0.025  0.008  0.013  0.026   0.0   0.0   0.0 0.014     0.382  0.070  0.100  0.098  0.070   0.0   0.0   0.0 0.011    0.996
192.0 13.24463  0.125374 -0.098616 -0.162022 0.227365     0.055  0.003  0.061  0.106  0.032   0.0   0.0   0.0 0.055     0.096  0.042  0.132  0.281  0.079   0.0   0.0   0.0 0.028    0.997
193.0 13.12162  0.129739  0.030573 -0.341569 0.366655     0.049  0.030  0.032  0.051  0.040   0.0   0.0   0.0 0.086     0.180  0.116  0.080  0.074  0.131   0.0   0.0   0.0 0.106    0.994
194.0 13.13415  0.070986  0.096240 -0.426364 0.442818     0.004  0.006  0.046  0.039  0.026   0.0   0.0   0.0 0.214     0.066  0.101  0.135  0.079  0.103   0.0   0.0   0.0 0.143    0.995
195.0 13.09567  0.012232  0.161907 -0.511160 0.536328     0.034  0.057  0.014  0.085  0.002   0.0   0.0   0.0 0.081     0.150  0.212  0.145  0.162  0.011   0.0   0.0   0.0 0.020    0.997
196.0 13.19285  0.306001 -0.166428 -0.087182 0.359076     0.045  0.050  0.043  0.038  0.017   0.0   0.0   0.0 0.032     0.197  0.244  0.073  0.094  0.133   0.0   0.0   0.0 0.008    0.997
197.0 13.16796  0.247247 -0.100761 -0.171977 0.317585     0.073  0.004  0.106  0.056  0.037   0.0   0.0   0.0 0.003     0.130  0.041  0.212  0.175  0.126   0.0   0.0   0.0 0.021    0.997
198.0 13.14424  0.188493 -0.035094 -0.256773 0.320458     0.014  0.000  0.065  0.024  0.177   0.0   0.0   0.0 0.015     0.039  0.007  0.152  0.035  0.416   0.0   0.0   0.0 0.015    0.995
199.0 13.11637 -0.185855 -0.287038  0.132186 0.366615     0.008  0.139  0.051  0.019  0.020   0.0   0.0   0.0 0.032     0.025  0.415  0.086  0.040  0.054   0.0   0.0   0.0 0.078    0.994
200.0 13.15199 -0.244609 -0.221371  0.047390 0.333294     0.011  0.217  0.031  0.029  0.014   0.0   0.0   0.0 0.015     0.046  0.385  0.115  0.049  0.046   0.0   0.0   0.0 0.013    0.996
201.0 13.13288 -0.303363 -0.155704 -0.037405 0.343034     0.010  0.096  0.075  0.036  0.005   0.0   0.0   0.0 0.041     0.037  0.402  0.134  0.060  0.023   0.0   0.0   0.0 0.048    0.996
202.0 13.15880 -0.009594 -0.484039  0.386573 0.619535     0.046  0.022  0.037  0.026  0.050   0.0   0.0   0.0 0.020     0.121  0.126  0.115  0.168  0.203   0.0   0.0   0.0 0.045    0.995
203.0 13.12257 -0.068348 -0.418372  0.301777 0.520361     0.076  0.032  0.076  0.005  0.011   0.0   0.0   0.0 0.038     0.133  0.164  0.151  0.036  0.041   0.0   0.0   0.0 0.215    0.993
204.0 13.15151 -0.127102 -0.352705  0.216982 0.433171     0.035  0.047  0.029  0.018  0.031   0.0   0.0   0.0 0.042     0.150  0.147  0.146  0.094  0.111   0.0   0.0   0.0 0.124    0.993
205.0 13.11518 -0.122736 -0.223516  0.037435 0.257731     0.065  0.081  0.080  0.037  0.004   0.0   0.0   0.0 0.040     0.140  0.197  0.203  0.083  0.016   0.0   0.0   0.0 0.027    0.995
206.0 13.15225 -0.181490 -0.157849 -0.047361 0.245149     0.010  0.084  0.096  0.122  0.001   0.0   0.0   0.0 0.030     0.015  0.175  0.207  0.149  0.017   0.0   0.0   0.0 0.054    0.995
207.0 13.12863 -0.240244 -0.092182 -0.132156 0.289275     0.051  0.028  0.027  0.090  0.014   0.0   0.0   0.0 0.036     0.129  0.071  0.120  0.267  0.113   0.0   0.0   0.0 0.027    0.996
208.0 13.14202  0.053525 -0.420517  0.291822 0.514645     0.034  0.043  0.022  0.011  0.046   0.0   0.0   0.0 0.011     0.149  0.258  0.058  0.138  0.168   0.0   0.0   0.0 0.045    0.993
209.0 13.11988 -0.005229 -0.354850  0.207026 0.410860     0.014  0.070  0.015  0.050  0.041   0.0   0.0   0.0 0.041     0.063  0.188  0.054  0.135  0.085   0.0   0.0   0.0 0.223    0.993
210.0 13.14051 -0.063983 -0.289183  0.122231 0.320407     0.001  0.009  0.136  0.107  0.003   0.0   0.0   0.0 0.011     0.012  0.033  0.341  0.290  0.003   0.0   0.0   0.0 0.022    0.995
211.0 13.28024 -0.059618 -0.159994 -0.057316 0.180104     0.015  0.096  0.027  0.037  0.074   0.0   0.0   0.0 0.014     0.051  0.154  0.111  0.115  0.245   0.0   0.0   0.0 0.032    0.992
212.0 13.20059 -0.118371 -0.094327 -0.142111 0.207617     0.042  0.079  0.028  0.103  0.029   0.0   0.0   0.0 0.041     0.134  0.103  0.067  0.131  0.161   0.0   0.0   0.0 0.058    0.994
213.0 13.12074 -0.177125 -0.028660 -0.226907 0.289277     0.008  0.051  0.100  0.053  0.019   0.0   0.0   0.0 0.036     0.029  0.186  0.269  0.086  0.085   0.0   0.0   0.0 0.045    0.996
214.0 13.15528  0.116644 -0.356994  0.197071 0.424132     0.014  0.060  0.048  0.036  0.024   0.0   0.0   0.0 0.038     0.070  0.254  0.152  0.103  0.126   0.0   0.0   0.0 0.046    0.995
215.0 13.16727  0.057890 -0.291328  0.112275 0.317535     0.028  0.044  0.095  0.079  0.034   0.0   0.0   0.0 0.008     0.096  0.077  0.284  0.144  0.077   0.0   0.0   0.0 0.012    0.997
216.0 13.23667 -0.000864 -0.225661  0.027480 0.227329     0.019  0.025  0.109  0.049  0.012   0.0   0.0   0.0 0.078     0.015  0.094  0.305  0.166  0.062   0.0   0.0   0.0 0.041    0.996