   ik    e(ev)        kx        ky        kz   abs(k)  AgDx2-y2  AgDxy  AgDxz  AgDyz  AgDz2  AgPx  AgPy  AgPz   AgS  AuDx2-y2  AuDxy  AuDxz  AuDyz  AuDz2  AuPx  AuPy  AuPz   AuS  |psi|^2
  1.0 14.27727  0.000000  0.000000  0.000000 0.000000     0.061  0.082  0.033  0.092  0.004   0.0   0.0   0.0 0.000     0.107  0.186  0.141  0.273  0.001   0.0   0.0   0.0 0.000    0.999
  2.0 14.29140 -0.058754  0.065667 -0.084796 0.122288     0.007  0.018  0.015  0.223  0.043   0.0   0.0   0.0 0.000     0.016  0.067  0.017  0.487  0.061   0.0   0.0   0.0 0.000    0.998
  3.0 14.22326 -0.117507  0.131334 -0.169591 0.244577     0.017  0.166  0.040  0.058  0.015   0.0   0.0   0.0 0.003     0.026  0.434  0.070  0.108  0.031   0.0   0.0   0.0 0.003    0.997
  4.0 14.16811  0.176261 -0.197001  0.254387 0.366865     0.070  0.238  0.030  0.024  0.009   0.0   0.0   0.0 0.000     0.058  0.354  0.076  0.094  0.015   0.0   0.0   0.0 0.002    0.995
  5.0 14.22326  0.117507 -0.131334  0.169591 0.244577     0.017  0.166  0.040  0.058  0.015   0.0   0.0   0.0 0.003     0.026  0.434  0.070  0.108  0.031   0.0   0.0   0.0 0.003    0.997
  6.0 14.29140  0.058754 -0.065667  0.084796 0.122288     0.007  0.018  0.015  0.223  0.043   0.0   0.0   0.0 0.000     0.016  0.067  0.017  0.487  0.061   0.0   0.0   0.0 0.000    0.998
  7.0 14.28656  0.063119  0.063522 -0.094751 0.130372     0.057  0.118  0.060  0.042  0.056   0.0   0.0   0.0 0.000     0.088  0.252  0.122  0.092  0.088   0.0   0.0   0.0 0.000    0.999
  8.0 14.27557  0.004365  0.129189 -0.179546 0.221237     0.116  0.009  0.116  0.096  0.000   0.0   0.0   0.0 0.002     0.172  0.017  0.162  0.219  0.002   0.0   0.0   0.0 0.035    0.979
  9.0 14.19984 -0.054389  0.194856 -0.264342 0.332872     0.080  0.001  0.170  0.054  0.011   0.0   0.0   0.0 0.000     0.158  0.000  0.402  0.087  0.012   0.0   0.0   0.0 0.000    0.998
 10.0 14.16647  0.239380 -0.133478  0.159636 0.317180     0.057  0.244  0.005  0.006  0.002   0.0   0.0   0.0 0.000     0.118  0.487  0.014  0.030  0.002   0.0   0.0   0.0 0.000    0.998
 11.0 14.25827  0.180626 -0.067812  0.074840 0.206943     0.068  0.219  0.036  0.020  0.010   0.0   0.0   0.0 0.000     0.141  0.393  0.050  0.023  0.010   0.0   0.0   0.0 0.000    0.994
 12.0 14.29308  0.121873 -0.002145 -0.009955 0.122297     0.028  0.016  0.039  0.131  0.145   0.0   0.0   0.0 0.000     0.045  0.023  0.101  0.176  0.266   0.0   0.0   0.0 0.000    0.998
 13.0 14.22959  0.126238  0.127044 -0.189502 0.260744     0.013  0.020  0.072  0.303  0.017   0.0   0.0   0.0 0.000     0.033  0.066  0.076  0.323  0.049   0.0   0.0   0.0 0.000    0.998
 14.0 14.19996  0.067484  0.192711 -0.274297 0.341951     0.004  0.000  0.014  0.282  0.028   0.0   0.0   0.0 0.000     0.001  0.000  0.035  0.545  0.061   0.0   0.0   0.0 0.000    0.998
 15.0 14.15754  0.008730  0.258378 -0.359093 0.442474     0.028  0.004  0.040  0.141  0.126   0.0   0.0   0.0 0.000     0.068  0.007  0.052  0.265  0.255   0.0   0.0   0.0 0.000    0.997
 16.0 14.16736  0.302499 -0.069956  0.064885 0.317190     0.084  0.210  0.007  0.011  0.009   0.0   0.0   0.0 0.000     0.193  0.397  0.013  0.019  0.019   0.0   0.0   0.0 0.000    0.997
 17.0 14.22663  0.243745 -0.004289 -0.019911 0.244595     0.113  0.126  0.056  0.025  0.014   0.0   0.0   0.0 0.000     0.244  0.209  0.115  0.050  0.024   0.0   0.0   0.0 0.000    0.997
 18.0 14.27027  0.184992  0.061378 -0.104706 0.221252     0.012  0.118  0.065  0.172  0.012   0.0   0.0   0.0 0.006     0.010  0.154  0.142  0.222  0.010   0.0   0.0   0.0 0.030    0.979
 19.0 14.24947 -0.189357 -0.190567  0.284253 0.391115     0.013  0.033  0.017  0.084  0.076   0.0   0.0   0.0 0.007     0.010  0.032  0.019  0.298  0.319   0.0   0.0   0.0 0.051    0.988
 20.0 14.20081 -0.248111 -0.124900  0.199457 0.341968     0.001  0.009  0.063  0.125  0.095   0.0   0.0   0.0 0.000     0.003  0.023  0.134  0.222  0.284   0.0   0.0   0.0 0.000    0.995
 21.0 14.20091 -0.306864 -0.059233  0.114662 0.332899     0.023  0.051  0.002  0.013  0.228   0.0   0.0   0.0 0.000     0.027  0.118  0.000  0.053  0.456   0.0   0.0   0.0 0.000    0.998
 22.0 14.16842 -0.013096 -0.387567  0.538639 0.663711     0.139  0.161  0.040  0.019  0.006   0.0   0.0   0.0 0.000     0.238  0.259  0.060  0.030  0.024   0.0   0.0   0.0 0.000    0.998
 23.0 14.20091 -0.071849 -0.321900  0.453844 0.561032     0.023  0.051  0.002  0.013  0.228   0.0   0.0   0.0 0.000     0.027  0.118  0.000  0.053  0.456   0.0   0.0   0.0 0.000    0.998
 24.0 14.20081 -0.130603 -0.256234  0.369048 0.467878     0.001  0.009  0.063  0.125  0.095   0.0   0.0   0.0 0.000     0.003  0.023  0.134  0.222  0.284   0.0   0.0   0.0 0.000    0.995
 25.0 14.22959 -0.126238 -0.127044  0.189502 0.260744     0.013  0.020  0.072  0.303  0.017   0.0   0.0   0.0 0.000     0.033  0.066  0.076  0.323  0.049   0.0   0.0   0.0 0.000    0.998
 26.0 14.27027 -0.184992 -0.061378  0.104706 0.221252     0.012  0.118  0.065  0.172  0.012   0.0   0.0   0.0 0.006     0.010  0.154  0.142  0.222  0.010   0.0   0.0   0.0 0.030    0.979
 27.0 14.22663 -0.243745  0.004289  0.019911 0.244595     0.113  0.126  0.056  0.025  0.014   0.0   0.0   0.0 0.000     0.244  0.209  0.115  0.050  0.024   0.0   0.0   0.0 0.000    0.997
 28.0 14.16736  0.050023 -0.324045  0.443889 0.551856     0.084  0.210  0.007  0.011  0.009   0.0   0.0   0.0 0.000     0.193  0.397  0.013  0.019  0.019   0.0   0.0   0.0 0.000    0.997
 29.0 14.15754 -0.008730 -0.258378  0.359093 0.442474     0.028  0.004  0.040  0.141  0.126   0.0   0.0   0.0 0.000     0.068  0.007  0.052  0.265  0.255   0.0   0.0   0.0 0.000    0.997
 30.0 14.19996 -0.067484 -0.192711  0.274297 0.341951     0.004  0.000  0.014  0.282  0.028   0.0   0.0   0.0 0.000     0.001  0.000  0.035  0.545  0.061   0.0   0.0   0.0 0.000    0.998
 31.0 14.28656 -0.063119 -0.063522  0.094751 0.130372     0.057  0.118  0.060  0.042  0.056   0.0   0.0   0.0 0.000     0.088  0.252  0.122  0.092  0.088   0.0   0.0   0.0 0.000    0.999
 32.0 14.29308 -0.121873  0.002145  0.009955 0.122297     0.028  0.016  0.039  0.131  0.145   0.0   0.0   0.0 0.000     0.045  0.023  0.101  0.176  0.266   0.0   0.0   0.0 0.000    0.998
 33.0 14.25827 -0.180626  0.067812 -0.074840 0.206943     0.068  0.219  0.036  0.020  0.010   0.0   0.0   0.0 0.000     0.141  0.393  0.050  0.023  0.010   0.0   0.0   0.0 0.000    0.994
 34.0 14.16647  0.113142 -0.260523  0.349138 0.450078     0.057  0.244  0.005  0.006  0.002   0.0   0.0   0.0 0.000     0.118  0.487  0.014  0.030  0.002   0.0   0.0   0.0 0.000    0.998
 35.0 14.19984  0.054389 -0.194856  0.264342 0.332872     0.080  0.001  0.170  0.054  0.011   0.0   0.0   0.0 0.000     0.158  0.000  0.402  0.087  0.012   0.0   0.0   0.0 0.000    0.998
 36.0 14.27557 -0.004365 -0.129189  0.179546 0.221237     0.116  0.009  0.116  0.096  0.000   0.0   0.0   0.0 0.002     0.172  0.017  0.162  0.219  0.002   0.0   0.0   0.0 0.035    0.979
 37.0 14.23884 -0.003501  0.096472  0.152067 0.180120     0.016  0.198  0.016  0.057  0.044   0.0   0.0   0.0 0.000     0.022  0.356  0.044  0.085  0.125   0.0   0.0   0.0 0.000    0.991
 38.0 14.20422 -0.062255  0.162138  0.067271 0.186253     0.018  0.041  0.069  0.037  0.046   0.0   0.0   0.0 0.000     0.067  0.155  0.238  0.120  0.160   0.0   0.0   0.0 0.000    0.970
 39.0 14.16085 -0.121009  0.227805 -0.017524 0.258545     0.008  0.008  0.153  0.036  0.064   0.0   0.0   0.0 0.000     0.031  0.027  0.437  0.089  0.095   0.0   0.0   0.0 0.000    0.977
 40.0 14.19739  0.172760 -0.100529  0.406453 0.452942     0.140  0.017  0.162  0.027  0.004   0.0   0.0   0.0 0.000     0.378  0.049  0.142  0.050  0.004   0.0   0.0   0.0 0.000    0.997
 41.0 14.22712  0.114006 -0.034862  0.321658 0.343040     0.115  0.020  0.018  0.026  0.034   0.0   0.0   0.0 0.000     0.352  0.098  0.025  0.089  0.157   0.0   0.0   0.0 0.009    0.970
 42.0 14.24321  0.055252  0.030805  0.236862 0.245164     0.015  0.077  0.029  0.138  0.081   0.0   0.0   0.0 0.000     0.040  0.184  0.038  0.223  0.135   0.0   0.0   0.0 0.000    0.995
 43.0 14.24022  0.059618  0.159994  0.057316 0.180104     0.175  0.020  0.022  0.009  0.068   0.0   0.0   0.0 0.000     0.393  0.045  0.077  0.033  0.117   0.0   0.0   0.0 0.000    0.990
 44.0 14.17273  0.000864  0.225661 -0.027480 0.227329     0.029  0.001  0.095  0.110  0.074   0.0   0.0   0.0 0.000     0.113  0.001  0.166  0.226  0.171   0.0   0.0   0.0 0.000    0.997
 45.0 14.17385 -0.057890  0.291328 -0.112275 0.317535     0.048  0.040  0.059  0.062  0.034   0.0   0.0   0.0 0.006     0.113  0.095  0.229  0.202  0.066   0.0   0.0   0.0 0.009    0.986
 46.0 14.21118  0.235879 -0.037007  0.311703 0.392641     0.042  0.166  0.080  0.057  0.005   0.0   0.0   0.0 0.022     0.066  0.258  0.141  0.093  0.011   0.0   0.0   0.0 0.040    0.995
 47.0 14.29909  0.177125  0.028660  0.226907 0.289277     0.083  0.205  0.046  0.000  0.004   0.0   0.0   0.0 0.000     0.125  0.401  0.084  0.002  0.000   0.0   0.0   0.0 0.005    0.998
 48.0 14.29802  0.118371  0.094327  0.142111 0.207617     0.037  0.051  0.039  0.174  0.046   0.0   0.0   0.0 0.000     0.112  0.115  0.093  0.214  0.094   0.0   0.0   0.0 0.000    0.997
 49.0 14.26984  0.122736  0.223516 -0.037435 0.257731     0.019  0.139  0.082  0.036  0.042   0.0   0.0   0.0 0.019     0.019  0.260  0.191  0.039  0.065   0.0   0.0   0.0 0.045    0.983
 50.0 14.28595  0.063983  0.289183 -0.122231 0.320407     0.054  0.036  0.239  0.026  0.013   0.0   0.0   0.0 0.018     0.064  0.073  0.299  0.031  0.014   0.0   0.0   0.0 0.083    0.987
 51.0 14.21114  0.005229  0.354850 -0.207026 0.410860     0.037  0.052  0.003  0.067  0.065   0.0   0.0   0.0 0.039     0.189  0.159  0.045  0.081  0.168   0.0   0.0   0.0 0.052    0.981
 52.0 14.24876  0.298998  0.026515  0.216952 0.370366     0.049  0.018  0.059  0.029  0.025   0.0   0.0   0.0 0.018     0.178  0.084  0.210  0.111  0.126   0.0   0.0   0.0 0.055    0.970
 53.0 14.30000  0.240244  0.092182  0.132156 0.289275     0.271  0.007  0.001  0.004  0.038   0.0   0.0   0.0 0.000     0.516  0.003  0.003  0.014  0.081   0.0   0.0   0.0 0.002    0.998
 54.0 14.24171  0.181490  0.157849  0.047361 0.245149     0.046  0.039  0.203  0.013  0.009   0.0   0.0   0.0 0.000     0.152  0.080  0.355  0.011  0.040   0.0   0.0   0.0 0.001    0.994
 55.0 14.32824 -0.192858 -0.094095  0.436319 0.486233     0.019  0.028  0.100  0.187  0.059   0.0   0.0   0.0 0.000     0.017  0.020  0.152  0.222  0.120   0.0   0.0   0.0 0.037    0.989
 56.0 14.24929 -0.251612 -0.028428  0.351524 0.433227     0.006  0.008  0.029  0.111  0.093   0.0   0.0   0.0 0.023     0.026  0.027  0.073  0.246  0.269   0.0   0.0   0.0 0.051    0.985
 57.0 14.21129 -0.310366  0.037239  0.266728 0.410923     0.101  0.000  0.007  0.038  0.087   0.0   0.0   0.0 0.037     0.329  0.027  0.007  0.032  0.231   0.0   0.0   0.0 0.054    0.981
 58.0 14.22119 -0.016597 -0.291096  0.690706 0.749725     0.162  0.008  0.048  0.085  0.029   0.0   0.0   0.0 0.027     0.258  0.012  0.077  0.144  0.079   0.0   0.0   0.0 0.044    0.993
 59.0 14.22317 -0.075351 -0.225429  0.605911 0.650864     0.002  0.159  0.085  0.014  0.000   0.0   0.0   0.0 0.000     0.000  0.420  0.219  0.011  0.004   0.0   0.0   0.0 0.004    0.970
 60.0 14.29605 -0.134104 -0.159762  0.521115 0.561310     0.002  0.070  0.044  0.124  0.089   0.0   0.0   0.0 0.000     0.000  0.217  0.070  0.231  0.094   0.0   0.0   0.0 0.000    0.975
 61.0 14.32908 -0.129739 -0.030573  0.341569 0.366655     0.053  0.004  0.016  0.015  0.305   0.0   0.0   0.0 0.000     0.038  0.005  0.004  0.017  0.452   0.0   0.0   0.0 0.040    0.989
 62.0 14.29104 -0.188493  0.035094  0.256773 0.320458     0.056  0.030  0.017  0.103  0.084   0.0   0.0   0.0 0.015     0.073  0.042  0.026  0.191  0.250   0.0   0.0   0.0 0.084    0.987
 63.0 14.17194 -0.247247  0.100761  0.171977 0.317585     0.035  0.011  0.134  0.040  0.014   0.0   0.0   0.0 0.002     0.089  0.029  0.353  0.185  0.053   0.0   0.0   0.0 0.001    0.980
 64.0 14.19609  0.046522 -0.227573  0.595955 0.639622     0.059  0.115  0.032  0.029  0.125   0.0   0.0   0.0 0.000     0.172  0.230  0.035  0.014  0.161   0.0   0.0   0.0 0.000    0.993
 65.0 14.25803 -0.012232 -0.161907  0.511160 0.536328     0.000  0.030  0.041  0.007  0.215   0.0   0.0   0.0 0.003     0.000  0.035  0.102  0.008  0.506   0.0   0.0   0.0 0.014    0.997
 66.0 14.21278 -0.070986 -0.096240  0.426364 0.442818     0.006  0.008  0.056  0.025  0.160   0.0   0.0   0.0 0.000     0.026  0.024  0.155  0.065  0.458   0.0   0.0   0.0 0.000    0.998
 67.0 14.26659 -0.066620  0.032949  0.246818 0.257765     0.092  0.048  0.062  0.082  0.043   0.0   0.0   0.0 0.019     0.167  0.087  0.075  0.116  0.132   0.0   0.0   0.0 0.044    0.986
 68.0 14.17470 -0.125374  0.098616  0.162022 0.227365     0.001  0.027  0.009  0.251  0.013   0.0   0.0   0.0 0.000     0.017  0.117  0.010  0.446  0.074   0.0   0.0   0.0 0.000    0.997
 69.0 14.16016 -0.184128  0.164283  0.077227 0.258565     0.004  0.013  0.081  0.098  0.067   0.0   0.0   0.0 0.000     0.021  0.062  0.158  0.222  0.233   0.0   0.0   0.0 0.000    0.978
 70.0 14.19969  0.109641 -0.164051  0.501204 0.538646     0.193  0.081  0.031  0.020  0.025   0.0   0.0   0.0 0.000     0.304  0.134  0.064  0.014  0.104   0.0   0.0   0.0 0.000    0.997
 71.0 14.25669  0.050887 -0.098384  0.416409 0.430889     0.013  0.000  0.089  0.190  0.016   0.0   0.0   0.0 0.003     0.017  0.000  0.160  0.430  0.034   0.0   0.0   0.0 0.015    0.997
 72.0 14.28937 -0.007867 -0.032717  0.331613 0.333316     0.064  0.029  0.234  0.036  0.034   0.0   0.0   0.0 0.000     0.150  0.078  0.243  0.037  0.058   0.0   0.0   0.0 0.000    0.975
 73.0 14.19120 -0.007003  0.192943  0.304134 0.360241     0.067  0.054  0.110  0.039  0.025   0.0   0.0   0.0 0.013     0.223  0.155  0.157  0.051  0.047   0.0   0.0   0.0 0.030    0.993
 74.0 14.18853 -0.065757  0.258610  0.219338 0.345416     0.115  0.004  0.116  0.043  0.029   0.0   0.0   0.0 0.000     0.287  0.006  0.239  0.092  0.042   0.0   0.0   0.0 0.000    0.997
 75.0 14.23336 -0.124510  0.324277  0.134542 0.372505     0.044  0.038  0.048  0.072  0.064   0.0   0.0   0.0 0.012     0.069  0.096  0.197  0.139  0.134   0.0   0.0   0.0 0.068    0.994
 76.0 14.23764  0.169258 -0.004057  0.558520 0.583618     0.020  0.043  0.160  0.044  0.008   0.0   0.0   0.0 0.019     0.098  0.127  0.301  0.119  0.005   0.0   0.0   0.0 0.037    0.996
 77.0 14.26184  0.110505  0.061609  0.473725 0.490329     0.016  0.037  0.136  0.022  0.069   0.0   0.0   0.0 0.006     0.075  0.087  0.258  0.092  0.143   0.0   0.0   0.0 0.012    0.972
 78.0 14.26036  0.051751  0.127276  0.388929 0.412484     0.004  0.138  0.069  0.040  0.054   0.0   0.0   0.0 0.029     0.005  0.260  0.138  0.041  0.115   0.0   0.0   0.0 0.062    0.978
 79.0 14.20272  0.056116  0.256465  0.209383 0.335804     0.003  0.008  0.116  0.087  0.087   0.0   0.0   0.0 0.000     0.005  0.024  0.265  0.233  0.148   0.0   0.0   0.0 0.000    0.999
 80.0 14.18846 -0.002638  0.322132  0.124587 0.345396     0.041  0.086  0.040  0.023  0.167   0.0   0.0   0.0 0.000     0.097  0.195  0.051  0.018  0.258   0.0   0.0   0.0 0.000    0.997
 81.0 14.18117 -0.061391  0.387799  0.039791 0.394640     0.263  0.014  0.026  0.001  0.028   0.0   0.0   0.0 0.000     0.547  0.013  0.035  0.000  0.046   0.0   0.0   0.0 0.000    0.998
 82.0 14.24960  0.232377  0.059465  0.463769 0.522128     0.150  0.008  0.015  0.024  0.015   0.0   0.0   0.0 0.006     0.563  0.000  0.051  0.038  0.069   0.0   0.0   0.0 0.024    0.990
 83.0 14.30857  0.173624  0.125132  0.378974 0.435229     0.258  0.000  0.008  0.000  0.060   0.0   0.0   0.0 0.000     0.524  0.000  0.009  0.000  0.108   0.0   0.0   0.0 0.000    0.999
 84.0 14.24379  0.114870  0.190799  0.294178 0.368972     0.017  0.165  0.049  0.050  0.036   0.0   0.0   0.0 0.030     0.036  0.230  0.199  0.067  0.040   0.0   0.0   0.0 0.040    0.981
 85.0 14.19035  0.119235  0.319988  0.114632 0.360208     0.073  0.049  0.029  0.010  0.135   0.0   0.0   0.0 0.016     0.095  0.279  0.055  0.017  0.178   0.0   0.0   0.0 0.033    0.994
 86.0 14.21076  0.060481  0.385655  0.029836 0.391507     0.091  0.071  0.051  0.068  0.016   0.0   0.0   0.0 0.019     0.183  0.145  0.099  0.143  0.014   0.0   0.0   0.0 0.058    0.970
 87.0 14.31476  0.001728  0.451321 -0.054959 0.454659     0.114  0.088  0.053  0.024  0.010   0.0   0.0   0.0 0.021     0.258  0.060  0.145  0.057  0.039   0.0   0.0   0.0 0.092    0.987
 88.0 14.30271  0.295496  0.122987  0.369018 0.488486     0.019  0.229  0.014  0.030  0.067   0.0   0.0   0.0 0.000     0.042  0.400  0.012  0.047  0.112   0.0   0.0   0.0 0.000    0.996
 89.0 14.27529  0.236743  0.188654  0.284223 0.415235     0.190  0.050  0.032  0.006  0.073   0.0   0.0   0.0 0.008     0.312  0.105  0.063  0.030  0.097   0.0   0.0   0.0 0.009    0.997
 90.0 14.24646  0.177989  0.254321  0.199427 0.368958     0.087  0.093  0.087  0.016  0.028   0.0   0.0   0.0 0.031     0.126  0.147  0.102  0.047  0.165   0.0   0.0   0.0 0.036    0.980
 91.0 14.26804 -0.196360  0.002377  0.588386 0.620291     0.015  0.222  0.057  0.038  0.063   0.0   0.0   0.0 0.004     0.036  0.259  0.093  0.070  0.085   0.0   0.0   0.0 0.008    0.976
 92.0 14.32506 -0.255113  0.068043  0.503591 0.568609     0.169  0.032  0.027  0.018  0.008   0.0   0.0   0.0 0.022     0.450  0.047  0.090  0.027  0.018   0.0   0.0   0.0 0.047    0.988
 93.0 14.24637 -0.313867  0.133710  0.418795 0.540167     0.146  0.032  0.013  0.054  0.004   0.0   0.0   0.0 0.030     0.376  0.097  0.055  0.101  0.006   0.0   0.0   0.0 0.050    0.985
 94.0 14.30318 -0.020098 -0.194624  0.842773 0.865187     0.184  0.007  0.016  0.095  0.036   0.0   0.0   0.0 0.007     0.361  0.006  0.032  0.109  0.109   0.0   0.0   0.0 0.005    0.996
 95.0 14.30703 -0.078852 -0.128957  0.757977 0.772902     0.075  0.198  0.027  0.003  0.032   0.0   0.0   0.0 0.000     0.151  0.395  0.044  0.001  0.056   0.0   0.0   0.0 0.000    0.999
 96.0 14.26227 -0.137606 -0.063290  0.673182 0.690011     0.084  0.039  0.105  0.027  0.045   0.0   0.0   0.0 0.031     0.206  0.051  0.140  0.040  0.132   0.0   0.0   0.0 0.060    0.978
 97.0 14.26724 -0.133241  0.065899  0.493635 0.515530     0.011  0.015  0.028  0.041  0.136   0.0   0.0   0.0 0.011     0.037  0.027  0.061  0.106  0.436   0.0   0.0   0.0 0.056    0.986
 98.0 14.32600 -0.191994  0.131566  0.408840 0.470448     0.072  0.136  0.005  0.036  0.014   0.0   0.0   0.0 0.023     0.172  0.322  0.011  0.063  0.065   0.0   0.0   0.0 0.042    0.987
 99.0 14.31345 -0.250748  0.197233  0.324044 0.454731     0.041  0.158  0.034  0.045  0.014   0.0   0.0   0.0 0.021     0.085  0.217  0.108  0.091  0.056   0.0   0.0   0.0 0.090    0.988
100.0 14.24677  0.043021 -0.131102  0.748022 0.760641     0.054  0.094  0.031  0.025  0.001   0.0   0.0   0.0 0.012     0.144  0.435  0.028  0.085  0.017   0.0   0.0   0.0 0.033    0.988
101.0 14.26340 -0.015733 -0.065435  0.663226 0.666632     0.012  0.027  0.034  0.118  0.104   0.0   0.0   0.0 0.007     0.009  0.119  0.123  0.271  0.112   0.0   0.0   0.0 0.010    0.975
102.0 14.25334 -0.074487  0.000232  0.578431 0.583207     0.030  0.107  0.020  0.003  0.156   0.0   0.0   0.0 0.000     0.074  0.227  0.026  0.011  0.322   0.0   0.0   0.0 0.000    0.998
103.0 14.26881 -0.070122  0.129421  0.398884 0.425177     0.109  0.105  0.108  0.052  0.005   0.0   0.0   0.0 0.006     0.130  0.184  0.128  0.063  0.055   0.0   0.0   0.0 0.008    0.976
104.0 14.20988 -0.128875  0.195088  0.314089 0.391561     0.006  0.167  0.085  0.036  0.014   0.0   0.0   0.0 0.020     0.009  0.319  0.135  0.083  0.010   0.0   0.0   0.0 0.056    0.970
105.0 14.17839 -0.187629  0.260755  0.229293 0.394681     0.122  0.163  0.015  0.012  0.000   0.0   0.0   0.0 0.000     0.199  0.416  0.030  0.014  0.000   0.0   0.0   0.0 0.000    0.998
106.0 14.24053  0.106139 -0.067580  0.653271 0.665279     0.071  0.000  0.017  0.046  0.140   0.0   0.0   0.0 0.020     0.203  0.013  0.049  0.074  0.304   0.0   0.0   0.0 0.036    0.996
107.0 14.24983  0.047386 -0.001913  0.568476 0.570450     0.003  0.006  0.059  0.099  0.126   0.0   0.0   0.0 0.000     0.003  0.007  0.106  0.264  0.299   0.0   0.0   0.0 0.000    0.998
108.0 14.26261 -0.011368  0.063754  0.483680 0.487996     0.135  0.001  0.065  0.024  0.093   0.0   0.0   0.0 0.000     0.293  0.013  0.124  0.058  0.181   0.0   0.0   0.0 0.000    0.998
109.0 14.32298  0.010504 -0.289415 -0.456200 0.540361     0.099  0.046  0.032  0.016  0.048   0.0   0.0   0.0 0.008     0.168  0.084  0.213  0.118  0.107   0.0   0.0   0.0 0.021    0.987
110.0 14.28535 -0.048250 -0.223748 -0.540996 0.587425     0.033  0.115  0.045  0.036  0.066   0.0   0.0   0.0 0.042     0.026  0.297  0.059  0.070  0.093   0.0   0.0   0.0 0.086    0.981
111.0 14.25310 -0.107003 -0.158081 -0.625791 0.654259     0.086  0.024  0.068  0.049  0.058   0.0   0.0   0.0 0.006     0.236  0.046  0.168  0.086  0.123   0.0   0.0   0.0 0.032    0.996
112.0 14.23947  0.186765 -0.486415 -0.201814 0.558758     0.033  0.119  0.025  0.014  0.087   0.0   0.0   0.0 0.004     0.124  0.271  0.041  0.051  0.179   0.0   0.0   0.0 0.016    0.994
113.0 14.25310  0.128012 -0.420749 -0.286609 0.524939     0.086  0.024  0.068  0.049  0.058   0.0   0.0   0.0 0.006     0.236  0.046  0.168  0.086  0.123   0.0   0.0   0.0 0.032    0.996
114.0 14.28535  0.069258 -0.355082 -0.371405 0.518480     0.033  0.115  0.045  0.036  0.066   0.0   0.0   0.0 0.042     0.026  0.297  0.059  0.070  0.093   0.0   0.0   0.0 0.086    0.981
115.0 14.31810  0.073623 -0.225893 -0.550951 0.599996     0.019  0.099  0.033  0.052  0.106   0.0   0.0   0.0 0.010     0.082  0.218  0.052  0.089  0.187   0.0   0.0   0.0 0.028    0.993
116.0 14.29153  0.014869 -0.160226 -0.635747 0.655795     0.061  0.197  0.104  0.022  0.011   0.0   0.0   0.0 0.000     0.117  0.194  0.182  0.022  0.042   0.0   0.0   0.0 0.018    0.996
117.0 14.25001 -0.043884 -0.094559 -0.720542 0.728044     0.031  0.107  0.051  0.003  0.075   0.0   0.0   0.0 0.002     0.111  0.246  0.102  0.020  0.198   0.0   0.0   0.0 0.029    0.996
118.0 14.28815  0.249884 -0.422893 -0.296564 0.573787     0.056  0.205  0.014  0.023  0.034   0.0   0.0   0.0 0.000     0.105  0.289  0.090  0.055  0.074   0.0   0.0   0.0 0.006    0.977
119.0 14.33933  0.191131 -0.357226 -0.381360 0.556397     0.080  0.073  0.103  0.015  0.018   0.0   0.0   0.0 0.015     0.081  0.102  0.267  0.098  0.028   0.0   0.0   0.0 0.099    0.989
120.0 14.33002  0.132377 -0.291560 -0.466156 0.565537     0.246  0.024  0.015  0.006  0.026   0.0   0.0   0.0 0.000     0.509  0.029  0.034  0.006  0.070   0.0   0.0   0.0 0.000    0.997
121.0 14.31837  0.136742 -0.162370 -0.645702 0.679701     0.110  0.017  0.022  0.052  0.138   0.0   0.0   0.0 0.002     0.139  0.054  0.046  0.191  0.182   0.0   0.0   0.0 0.000    0.980
122.0 14.28568  0.077988 -0.096704 -0.730498 0.740986     0.135  0.023  0.093  0.015  0.023   0.0   0.0   0.0 0.043     0.270  0.066  0.162  0.023  0.024   0.0   0.0   0.0 0.086    0.981
123.0 14.33381  0.019235 -0.031037 -0.815293 0.816110     0.026  0.145  0.012  0.101  0.022   0.0   0.0   0.0 0.012     0.046  0.141  0.057  0.258  0.035   0.0   0.0   0.0 0.101    0.988
124.0 14.39165  0.313003 -0.359371 -0.391315 0.616641     0.032  0.019  0.212  0.183  0.060   0.0   0.0   0.0 0.011     0.035  0.033  0.138  0.144  0.029   0.0   0.0   0.0 0.067    0.982
125.0 14.32719  0.254250 -0.293704 -0.476111 0.614481     0.028  0.261  0.006  0.048  0.007   0.0   0.0   0.0 0.000     0.089  0.399  0.007  0.088  0.014   0.0   0.0   0.0 0.001    0.992
126.0 14.27645  0.195496 -0.228037 -0.560907 0.636267     0.036  0.093  0.022  0.018  0.018   0.0   0.0   0.0 0.074     0.112  0.339  0.054  0.029  0.043   0.0   0.0   0.0 0.121    0.987
127.0 14.32466 -0.178853 -0.479981 -0.171948 0.540311     0.016  0.097  0.014  0.050  0.064   0.0   0.0   0.0 0.012     0.019  0.300  0.154  0.141  0.090   0.0   0.0   0.0 0.013    0.990
128.0 14.32694 -0.237606 -0.414315 -0.256743 0.542246     0.075  0.214  0.022  0.012  0.011   0.0   0.0   0.0 0.000     0.103  0.440  0.050  0.023  0.011   0.0   0.0   0.0 0.000    0.997
129.0 14.32894 -0.296360 -0.348648 -0.341539 0.570993     0.252  0.003  0.012  0.050  0.025   0.0   0.0   0.0 0.002     0.455  0.000  0.000  0.091  0.058   0.0   0.0   0.0 0.002    0.995
130.0 14.35199 -0.002591 -0.676982  0.082439 0.681988     0.027  0.033  0.127  0.108  0.038   0.0   0.0   0.0 0.061     0.064  0.082  0.139  0.104  0.080   0.0   0.0   0.0 0.089    0.982
131.0 14.32894 -0.061345 -0.611315 -0.002356 0.614390     0.252  0.003  0.012  0.050  0.025   0.0   0.0   0.0 0.002     0.455  0.000  0.000  0.091  0.058   0.0   0.0   0.0 0.002    0.995
132.0 14.32694 -0.120099 -0.545648 -0.087152 0.565466     0.075  0.214  0.022  0.012  0.011   0.0   0.0   0.0 0.000     0.103  0.440  0.050  0.023  0.011   0.0   0.0   0.0 0.000    0.997
133.0 14.31837 -0.115734 -0.416459 -0.266698 0.507898     0.110  0.017  0.022  0.052  0.138   0.0   0.0   0.0 0.002     0.139  0.054  0.046  0.191  0.182   0.0   0.0   0.0 0.000    0.980
134.0 14.27645 -0.174487 -0.350792 -0.351494 0.526355     0.036  0.093  0.022  0.018  0.018   0.0   0.0   0.0 0.074     0.112  0.339  0.054  0.029  0.043   0.0   0.0   0.0 0.121    0.987
135.0 14.32719 -0.233241 -0.285125 -0.436290 0.571005     0.028  0.261  0.006  0.048  0.007   0.0   0.0   0.0 0.000     0.089  0.399  0.007  0.088  0.014   0.0   0.0   0.0 0.001    0.992
136.0 14.39165  0.060528 -0.613460 -0.012312 0.616562     0.032  0.019  0.212  0.183  0.060   0.0   0.0   0.0 0.011     0.035  0.033  0.138  0.144  0.029   0.0   0.0   0.0 0.067    0.982
137.0 14.33381  0.001774 -0.547793 -0.097107 0.556336     0.026  0.145  0.012  0.101  0.022   0.0   0.0   0.0 0.012     0.046  0.141  0.057  0.258  0.035   0.0   0.0   0.0 0.101    0.988
138.0 14.28568 -0.056980 -0.482126 -0.181903 0.518441     0.135  0.023  0.093  0.015  0.023   0.0   0.0   0.0 0.043     0.270  0.066  0.162  0.023  0.024   0.0   0.0   0.0 0.086    0.981
139.0 14.31810 -0.052615 -0.352937 -0.361449 0.507916     0.019  0.099  0.033  0.052  0.106   0.0   0.0   0.0 0.010     0.082  0.218  0.052  0.089  0.187   0.0   0.0   0.0 0.028    0.993
140.0 14.33002 -0.111368 -0.287270 -0.446245 0.542274     0.246  0.024  0.015  0.006  0.026   0.0   0.0   0.0 0.000     0.509  0.029  0.034  0.006  0.070   0.0   0.0   0.0 0.000    0.997
141.0 14.33933 -0.170122 -0.221603 -0.531040 0.600045     0.080  0.073  0.103  0.015  0.018   0.0   0.0   0.0 0.015     0.081  0.102  0.267  0.098  0.028   0.0   0.0   0.0 0.099    0.989
142.0 14.28815  0.123647 -0.549938 -0.107063 0.573744     0.056  0.205  0.014  0.023  0.034   0.0   0.0   0.0 0.000     0.105  0.289  0.090  0.055  0.074   0.0   0.0   0.0 0.006    0.977
143.0 14.25001  0.064893 -0.484271 -0.191858 0.524918     0.031  0.107  0.051  0.003  0.075   0.0   0.0   0.0 0.002     0.111  0.246  0.102  0.020  0.198   0.0   0.0   0.0 0.029    0.996
144.0 14.29153  0.006139 -0.418604 -0.276654 0.501801     0.061  0.197  0.104  0.022  0.011   0.0   0.0   0.0 0.000     0.117  0.194  0.182  0.022  0.042   0.0   0.0   0.0 0.018    0.996
145.0 14.19120  0.007003 -0.192943 -0.304134 0.360241     0.067  0.054  0.110  0.039  0.025   0.0   0.0   0.0 0.013     0.223  0.155  0.157  0.051  0.047   0.0   0.0   0.0 0.030    0.993
146.0 14.26036 -0.051751 -0.127276 -0.388929 0.412484     0.004  0.138  0.069  0.040  0.054   0.0   0.0   0.0 0.029     0.005  0.260  0.138  0.041  0.115   0.0   0.0   0.0 0.062    0.978
147.0 14.26184 -0.110505 -0.061609 -0.473725 0.490329     0.016  0.037  0.136  0.022  0.069   0.0   0.0   0.0 0.006     0.075  0.087  0.258  0.092  0.143   0.0   0.0   0.0 0.012    0.972
148.0 14.23764  0.183264 -0.389944 -0.049747 0.433724     0.020  0.043  0.160  0.044  0.008   0.0   0.0   0.0 0.019     0.098  0.127  0.301  0.119  0.005   0.0   0.0   0.0 0.037    0.996
149.0 14.23336  0.124510 -0.324277 -0.134542 0.372505     0.044  0.038  0.048  0.072  0.064   0.0   0.0   0.0 0.012     0.069  0.096  0.197  0.139  0.134   0.0   0.0   0.0 0.068    0.994
150.0 14.18853  0.065757 -0.258610 -0.219338 0.345416     0.115  0.004  0.116  0.043  0.029   0.0   0.0   0.0 0.000     0.287  0.006  0.239  0.092  0.042   0.0   0.0   0.0 0.000    0.997
151.0 14.26881  0.070122 -0.129421 -0.398884 0.425177     0.109  0.105  0.108  0.052  0.005   0.0   0.0   0.0 0.006     0.130  0.184  0.128  0.063  0.055   0.0   0.0   0.0 0.008    0.976
152.0 14.26261  0.011368 -0.063754 -0.483680 0.487996     0.135  0.001  0.065  0.024  0.093   0.0   0.0   0.0 0.000     0.293  0.013  0.124  0.058  0.181   0.0   0.0   0.0 0.000    0.998
153.0 14.24983 -0.047386  0.001913 -0.568476 0.570450     0.003  0.006  0.059  0.099  0.126   0.0   0.0   0.0 0.000     0.003  0.007  0.106  0.264  0.299   0.0   0.0   0.0 0.000    0.998
154.0 14.24053  0.246383 -0.326422 -0.144498 0.433746     0.071  0.000  0.017  0.046  0.140   0.0   0.0   0.0 0.020     0.203  0.013  0.049  0.074  0.304   0.0   0.0   0.0 0.036    0.996
155.0 14.17839  0.187629 -0.260755 -0.229293 0.394681     0.122  0.163  0.015  0.012  0.000   0.0   0.0   0.0 0.000     0.199  0.416  0.030  0.014  0.000   0.0   0.0   0.0 0.000    0.998
156.0 14.20988  0.128875 -0.195088 -0.314089 0.391561     0.006  0.167  0.085  0.036  0.014   0.0   0.0   0.0 0.020     0.009  0.319  0.135  0.083  0.010   0.0   0.0   0.0 0.056    0.970
157.0 14.26724  0.133241 -0.065899 -0.493635 0.515530     0.011  0.015  0.028  0.041  0.136   0.0   0.0   0.0 0.011     0.037  0.027  0.061  0.106  0.436   0.0   0.0   0.0 0.056    0.986
158.0 14.25334  0.074487 -0.000232 -0.578431 0.583207     0.030  0.107  0.020  0.003  0.156   0.0   0.0   0.0 0.000     0.074  0.227  0.026  0.011  0.322   0.0   0.0   0.0 0.000    0.998
159.0 14.26340  0.015733  0.065435 -0.663226 0.666632     0.012  0.027  0.034  0.118  0.104   0.0   0.0   0.0 0.007     0.009  0.119  0.123  0.271  0.112   0.0   0.0   0.0 0.010    0.975
160.0 14.24677  0.309502 -0.262899 -0.239249 0.471325     0.054  0.094  0.031  0.025  0.001   0.0   0.0   0.0 0.012     0.144  0.435  0.028  0.085  0.017   0.0   0.0   0.0 0.033    0.988
161.0 14.31345  0.250748 -0.197233 -0.324044 0.454731     0.041  0.158  0.034  0.045  0.014   0.0   0.0   0.0 0.021     0.085  0.217  0.108  0.091  0.056   0.0   0.0   0.0 0.090    0.988
162.0 14.32600  0.191994 -0.131566 -0.408840 0.470448     0.072  0.136  0.005  0.036  0.014   0.0   0.0   0.0 0.023     0.172  0.322  0.011  0.063  0.065   0.0   0.0   0.0 0.042    0.987
163.0 14.26804 -0.182354 -0.383510 -0.019881 0.425121     0.015  0.222  0.057  0.038  0.063   0.0   0.0   0.0 0.004     0.036  0.259  0.093  0.070  0.085   0.0   0.0   0.0 0.008    0.976
164.0 14.26227 -0.241108 -0.317843 -0.104676 0.412449     0.084  0.039  0.105  0.027  0.045   0.0   0.0   0.0 0.031     0.206  0.051  0.140  0.040  0.132   0.0   0.0   0.0 0.060    0.978
165.0 14.30703 -0.299862 -0.252176 -0.189472 0.435212     0.075  0.198  0.027  0.003  0.032   0.0   0.0   0.0 0.000     0.151  0.395  0.044  0.001  0.056   0.0   0.0   0.0 0.000    0.999
166.0 14.30318 -0.006093 -0.580511  0.234506 0.626117     0.184  0.007  0.016  0.095  0.036   0.0   0.0   0.0 0.007     0.361  0.006  0.032  0.109  0.109   0.0   0.0   0.0 0.005    0.996
167.0 14.24637 -0.064847 -0.514844  0.149710 0.540076     0.146  0.032  0.013  0.054  0.004   0.0   0.0   0.0 0.030     0.376  0.097  0.055  0.101  0.006   0.0   0.0   0.0 0.050    0.985
168.0 14.32506 -0.123600 -0.449177  0.064915 0.470373     0.169  0.032  0.027  0.018  0.008   0.0   0.0   0.0 0.022     0.450  0.047  0.090  0.027  0.018   0.0   0.0   0.0 0.047    0.988
169.0 14.19035 -0.119235 -0.319988 -0.114632 0.360208     0.073  0.049  0.029  0.010  0.135   0.0   0.0   0.0 0.016     0.095  0.279  0.055  0.017  0.178   0.0   0.0   0.0 0.033    0.994
170.0 14.24646 -0.177989 -0.254321 -0.199427 0.368958     0.087  0.093  0.087  0.016  0.028   0.0   0.0   0.0 0.031     0.126  0.147  0.102  0.047  0.165   0.0   0.0   0.0 0.036    0.980
171.0 14.27529 -0.236743 -0.188654 -0.284223 0.415235     0.190  0.050  0.032  0.006  0.073   0.0   0.0   0.0 0.008     0.312  0.105  0.063  0.030  0.097   0.0   0.0   0.0 0.009    0.997
172.0 14.30271  0.057026 -0.516988  0.139755 0.538573     0.019  0.229  0.014  0.030  0.067   0.0   0.0   0.0 0.000     0.042  0.400  0.012  0.047  0.112   0.0   0.0   0.0 0.000    0.996
173.0 14.31476 -0.001728 -0.451321  0.054959 0.454659     0.114  0.088  0.053  0.024  0.010   0.0   0.0   0.0 0.021     0.258  0.060  0.145  0.057  0.039   0.0   0.0   0.0 0.092    0.987
174.0 14.21076 -0.060481 -0.385655 -0.029836 0.391507     0.091  0.071  0.051  0.068  0.016   0.0   0.0   0.0 0.019     0.183  0.145  0.099  0.143  0.014   0.0   0.0   0.0 0.058    0.970
175.0 14.20272 -0.056116 -0.256465 -0.209383 0.335804     0.003  0.008  0.116  0.087  0.087   0.0   0.0   0.0 0.000     0.005  0.024  0.265  0.233  0.148   0.0   0.0   0.0 0.000    0.999
176.0 14.24379 -0.114870 -0.190799 -0.294178 0.368972     0.017  0.165  0.049  0.050  0.036   0.0   0.0   0.0 0.030     0.036  0.230  0.199  0.067  0.040   0.0   0.0   0.0 0.040    0.981
177.0 14.30857 -0.173624 -0.125132 -0.378974 0.435229     0.258  0.000  0.008  0.000  0.060   0.0   0.0   0.0 0.000     0.524  0.000  0.009  0.000  0.108   0.0   0.0   0.0 0.000    0.999
178.0 14.24960  0.120145 -0.453466  0.045004 0.471266     0.150  0.008  0.015  0.024  0.015   0.0   0.0   0.0 0.006     0.563  0.000  0.051  0.038  0.069   0.0   0.0   0.0 0.024    0.990
179.0 14.18117  0.061391 -0.387799 -0.039791 0.394640     0.263  0.014  0.026  0.001  0.028   0.0   0.0   0.0 0.000     0.547  0.013  0.035  0.000  0.046   0.0   0.0   0.0 0.000    0.998
180.0 14.18846  0.002638 -0.322132 -0.124587 0.345396     0.041  0.086  0.040  0.023  0.167   0.0   0.0   0.0 0.000     0.097  0.195  0.051  0.018  0.258   0.0   0.0   0.0 0.000    0.997
181.0 14.23884  0.003501 -0.096472 -0.152067 0.180120     0.016  0.198  0.016  0.057  0.044   0.0   0.0   0.0 0.000     0.022  0.356  0.044  0.085  0.125   0.0   0.0   0.0 0.000    0.991
182.0 14.24321 -0.055252 -0.030805 -0.236862 0.245164     0.015  0.077  0.029  0.138  0.081   0.0   0.0   0.0 0.000     0.040  0.184  0.038  0.223  0.135   0.0   0.0   0.0 0.000    0.995
183.0 14.22712 -0.114006  0.034862 -0.321658 0.343040     0.115  0.020  0.018  0.026  0.034   0.0   0.0   0.0 0.000     0.352  0.098  0.025  0.089  0.157   0.0   0.0   0.0 0.009    0.970
184.0 14.19739  0.179763 -0.293472  0.102320 0.359040     0.140  0.017  0.162  0.027  0.004   0.0   0.0   0.0 0.000     0.378  0.049  0.142  0.050  0.004   0.0   0.0   0.0 0.000    0.997
185.0 14.16085  0.121009 -0.227805  0.017524 0.258545     0.008  0.008  0.153  0.036  0.064   0.0   0.0   0.0 0.000     0.031  0.027  0.437  0.089  0.095   0.0   0.0   0.0 0.000    0.977
186.0 14.20422  0.062255 -0.162138 -0.067271 0.186253     0.018  0.041  0.069  0.037  0.046   0.0   0.0   0.0 0.000     0.067  0.155  0.238  0.120  0.160   0.0   0.0   0.0 0.000    0.970
187.0 14.26659  0.066620 -0.032949 -0.246818 0.257765     0.092  0.048  0.062  0.082  0.043   0.0   0.0   0.0 0.019     0.167  0.087  0.075  0.116  0.132   0.0   0.0   0.0 0.044    0.986
188.0 14.28937  0.007867  0.032717 -0.331613 0.333316     0.064  0.029  0.234  0.036  0.034   0.0   0.0   0.0 0.000     0.150  0.078  0.243  0.037  0.058   0.0   0.0   0.0 0.000    0.975
189.0 14.25669 -0.050887  0.098384 -0.416409 0.430889     0.013  0.000  0.089  0.190  0.016   0.0   0.0   0.0 0.003     0.017  0.000  0.160  0.430  0.034   0.0   0.0   0.0 0.015    0.997
190.0 14.19969  0.242882 -0.229950  0.007569 0.334553     0.193  0.081  0.031  0.020  0.025   0.0   0.0   0.0 0.000     0.304  0.134  0.064  0.014  0.104   0.0   0.0   0.0 0.000    0.997
191.0 14.16016  0.184128 -0.164283 -0.077227 0.258565     0.004  0.013  0.081  0.098  0.067   0.0   0.0   0.0 0.000     0.021  0.062  0.158  0.222  0.233   0.0   0.0   0.0 0.000    0.978
192.0 14.17470  0.125374 -0.098616 -0.162022 0.227365     0.001  0.027  0.009  0.251  0.013   0.0   0.0   0.0 0.000     0.017  0.117  0.010  0.446  0.074   0.0   0.0   0.0 0.000    0.997
193.0 14.32908  0.129739  0.030573 -0.341569 0.366655     0.053  0.004  0.016  0.015  0.305   0.0   0.0   0.0 0.000     0.038  0.005  0.004  0.017  0.452   0.0   0.0   0.0 0.040    0.989
194.0 14.21278  0.070986  0.096240 -0.426364 0.442818     0.006  0.008  0.056  0.025  0.160   0.0   0.0   0.0 0.000     0.026  0.024  0.155  0.065  0.458   0.0   0.0   0.0 0.000    0.998
195.0 14.25803  0.012232  0.161907 -0.511160 0.536328     0.000  0.030  0.041  0.007  0.215   0.0   0.0   0.0 0.003     0.000  0.035  0.102  0.008  0.506   0.0   0.0   0.0 0.014    0.997
196.0 14.19609  0.306001 -0.166428 -0.087182 0.359076     0.059  0.115  0.032  0.029  0.125   0.0   0.0   0.0 0.000     0.172  0.230  0.035  0.014  0.161   0.0   0.0   0.0 0.000    0.993
197.0 14.17194  0.247247 -0.100761 -0.171977 0.317585     0.035  0.011  0.134  0.040  0.014   0.0   0.0   0.0 0.002     0.089  0.029  0.353  0.185  0.053   0.0   0.0   0.0 0.001    0.980
198.0 14.29104  0.188493 -0.035094 -0.256773 0.320458     0.056  0.030  0.017  0.103  0.084   0.0   0.0   0.0 0.015     0.073  0.042  0.026  0.191  0.250   0.0   0.0   0.0 0.084    0.987
199.0 14.32824 -0.185855 -0.287038  0.132186 0.366615     0.019  0.028  0.100  0.187  0.059   0.0   0.0   0.0 0.000     0.017  0.020  0.152  0.222  0.120   0.0   0.0   0.0 0.037    0.989
200.0 14.29605 -0.244609 -0.221371  0.047390 0.333294     0.002  0.070  0.044  0.124  0.089   0.0   0.0   0.0 0.000     0.000  0.217  0.070  0.231  0.094   0.0   0.0   0.0 0.000    0.975
201.0 14.22317 -0.303363 -0.155704 -0.037405 0.343034     0.002  0.159  0.085  0.014  0.000   0.0   0.0   0.0 0.000     0.000  0.420  0.219  0.011  0.004   0.0   0.0   0.0 0.004    0.970
202.0 14.22119 -0.009594 -0.484039  0.386573 0.619535     0.162  0.008  0.048  0.085  0.029   0.0   0.0   0.0 0.027     0.258  0.012  0.077  0.144  0.079   0.0   0.0   0.0 0.044    0.993
203.0 14.21129 -0.068348 -0.418372  0.301777 0.520361     0.101  0.000  0.007  0.038  0.087   0.0   0.0   0.0 0.037     0.329  0.027  0.007  0.032  0.231   0.0   0.0   0.0 0.054    0.981
204.0 14.24929 -0.127102 -0.352705  0.216982 0.433171     0.006  0.008  0.029  0.111  0.093   0.0   0.0   0.0 0.023     0.026  0.027  0.073  0.246  0.269   0.0   0.0   0.0 0.051    0.985
205.0 14.26984 -0.122736 -0.223516  0.037435 0.257731     0.019  0.139  0.082  0.036  0.042   0.0   0.0   0.0 0.019     0.019  0.260  0.191  0.039  0.065   0.0   0.0   0.0 0.045    0.983
206.0 14.24171 -0.181490 -0.157849 -0.047361 0.245149     0.046  0.039  0.203  0.013  0.009   0.0   0.0   0.0 0.000     0.152  0.080  0.355  0.011  0.040   0.0   0.0   0.0 0.001    0.994
207.0 14.30000 -0.240244 -0.092182 -0.132156 0.289275     0.271  0.007  0.001  0.004  0.038   0.0   0.0   0.0 0.000     0.516  0.003  0.003  0.014  0.081   0.0   0.0   0.0 0.002    0.998
208.0 14.24876  0.053525 -0.420517  0.291822 0.514645     0.049  0.018  0.059  0.029  0.025   0.0   0.0   0.0 0.018     0.178  0.084  0.210  0.111  0.126   0.0   0.0   0.0 0.055    0.970
209.0 14.21114 -0.005229 -0.354850  0.207026 0.410860     0.037  0.052  0.003  0.067  0.065   0.0   0.0   0.0 0.039     0.189  0.159  0.045  0.081  0.168   0.0   0.0   0.0 0.052    0.981
210.0 14.28595 -0.063983 -0.289183  0.122231 0.320407     0.054  0.036  0.239  0.026  0.013   0.0   0.0   0.0 0.018     0.064  0.073  0.299  0.031  0.014   0.0   0.0   0.0 0.083    0.987
211.0 14.24022 -0.059618 -0.159994 -0.057316 0.180104     0.175  0.020  0.022  0.009  0.068   0.0   0.0   0.0 0.000     0.393  0.045  0.077  0.033  0.117   0.0   0.0   0.0 0.000    0.990
212.0 14.29802 -0.118371 -0.094327 -0.142111 0.207617     0.037  0.051  0.039  0.174  0.046   0.0   0.0   0.0 0.000     0.112  0.115  0.093  0.214  0.094   0.0   0.0   0.0 0.000    0.997
213.0 14.29909 -0.177125 -0.028660 -0.226907 0.289277     0.083  0.205  0.046  0.000  0.004   0.0   0.0   0.0 0.000     0.125  0.401  0.084  0.002  0.000   0.0   0.0   0.0 0.005    0.998
214.0 14.21118  0.116644 -0.356994  0.197071 0.424132     0.042  0.166  0.080  0.057  0.005   0.0   0.0   0.0 0.022     0.066  0.258  0.141  0.093  0.011   0.0   0.0   0.0 0.040    0.995
215.0 14.17385  0.057890 -0.291328  0.112275 0.317535     0.048  0.040  0.059  0.062  0.034   0.0   0.0   0.0 0.006     0.113  0.095  0.229  0.202  0.066   0.0   0.0   0.0 0.009    0.986
216.0 14.17273 -0.000864 -0.225661  0.027480 0.227329     0.029  0.001  0.095  0.110  0.074   0.0   0.0   0.0 0.000     0.113  0.001  0.166  0.226  0.171   0.0   0.0   0.0 0.000    0.997