   ik    e(ev)        kx        ky        kz   abs(k)  AgDx2-y2  AgDxy  AgDxz  AgDyz  AgDz2  AgPx  AgPy  AgPz   AgS  AuDx2-y2  AuDxy  AuDxz  AuDyz  AuDz2  AuPx  AuPy  AuPz   AuS  |psi|^2
  1.0 27.52372  0.000000  0.000000  0.000000 0.000000       0.0    0.0    0.0    0.0    0.0   0.0   0.0   0.0 0.037       0.0    0.0    0.0    0.0    0.0   0.0   0.0   0.0 0.038    0.090
  2.0 27.51779 -0.058754  0.065667 -0.084796 0.122288       0.0    0.0    0.0    0.0    0.0   0.0   0.0   0.0 0.018       0.0    0.0    0.0    0.0    0.0   0.0   0.0   0.0 0.033    0.067
  3.0 27.33797 -0.117507  0.131334 -0.169591 0.244577       0.0    0.0    0.0    0.0    0.0   0.0   0.0   0.0 0.024       0.0    0.0    0.0    0.0    0.0   0.0   0.0   0.0 0.039    0.080
  4.0 26.86437  0.176261 -0.197001  0.254387 0.366865       0.0    0.0    0.0    0.0    0.0   0.0   0.0   0.0 0.041       0.0    0.0    0.0    0.0    0.0   0.0   0.0   0.0 0.070    0.128
  5.0 27.33797  0.117507 -0.131334  0.169591 0.244577       0.0    0.0    0.0    0.0    0.0   0.0   0.0   0.0 0.024       0.0    0.0    0.0    0.0    0.0   0.0   0.0   0.0 0.039    0.080
  6.0 27.51779  0.058754 -0.065667  0.084796 0.122288       0.0    0.0    0.0    0.0    0.0   0.0   0.0   0.0 0.018       0.0    0.0    0.0    0.0    0.0   0.0   0.0   0.0 0.033    0.067
  7.0 27.38184  0.063119  0.063522 -0.094751 0.130372       0.0    0.0    0.0    0.0    0.0   0.0   0.0   0.0 0.026       0.0    0.0    0.0    0.0    0.0   0.0   0.0   0.0 0.076    0.116
  8.0 26.93760  0.004365  0.129189 -0.179546 0.221237       0.0    0.0    0.0    0.0    0.0   0.0   0.0   0.0 0.033       0.0    0.0    0.0    0.0    0.0   0.0   0.0   0.0 0.053    0.098
  9.0 27.01758 -0.054389  0.194856 -0.264342 0.332872       0.0    0.0    0.0    0.0    0.0   0.0   0.0   0.0 0.057       0.0    0.0    0.0    0.0    0.0   0.0   0.0   0.0 0.063    0.138
 10.0 26.96072  0.239380 -0.133478  0.159636 0.317180       0.0    0.0    0.0    0.0    0.0   0.0   0.0   0.0 0.051       0.0    0.0    0.0    0.0    0.0   0.0   0.0   0.0 0.104    0.169
 11.0 27.49761  0.121873 -0.002145 -0.009955 0.122297       0.0    0.0    0.0    0.0    0.0   0.0   0.0   0.0 0.015       0.0    0.0    0.0    0.0    0.0   0.0   0.0   0.0 0.036    0.068
 12.0 26.55442  0.126238  0.127044 -0.189502 0.260744       0.0    0.0    0.0    0.0    0.0   0.0   0.0   0.0 0.061       0.0    0.0    0.0    0.0    0.0   0.0   0.0   0.0 0.073    0.155
 13.0 26.43518  0.067484  0.192711 -0.274297 0.341951       0.0    0.0    0.0    0.0    0.0   0.0   0.0   0.0 0.020       0.0    0.0    0.0    0.0    0.0   0.0   0.0   0.0 0.017    0.056
 14.0 26.63901  0.008730  0.258378 -0.359093 0.442474       0.0    0.0    0.0    0.0    0.0   0.0   0.0   0.0 0.002       0.0    0.0    0.0    0.0    0.0   0.0   0.0   0.0 0.000    0.024
 15.0 26.96695  0.302499 -0.069956  0.064885 0.317190       0.0    0.0    0.0    0.0    0.0   0.0   0.0   0.0 0.053       0.0    0.0    0.0    0.0    0.0   0.0   0.0   0.0 0.101    0.166
 16.0 27.34997  0.243745 -0.004289 -0.019911 0.244595       0.0    0.0    0.0    0.0    0.0   0.0   0.0   0.0 0.025       0.0    0.0    0.0    0.0    0.0   0.0   0.0   0.0 0.045    0.084
 17.0 26.92569  0.184992  0.061378 -0.104706 0.221252       0.0    0.0    0.0    0.0    0.0   0.0   0.0   0.0 0.041       0.0    0.0    0.0    0.0    0.0   0.0   0.0   0.0 0.043    0.104
 18.0 26.42880 -0.248111 -0.124900  0.199457 0.341968       0.0    0.0    0.0    0.0    0.0   0.0   0.0   0.0 0.015       0.0    0.0    0.0    0.0    0.0   0.0   0.0   0.0 0.019    0.052
 19.0 26.96383 -0.306864 -0.059233  0.114662 0.332899       0.0    0.0    0.0    0.0    0.0   0.0   0.0   0.0 0.048       0.0    0.0    0.0    0.0    0.0   0.0   0.0   0.0 0.079    0.137
 20.0 26.86115 -0.013096 -0.387567  0.538639 0.663711       0.0    0.0    0.0    0.0    0.0   0.0   0.0   0.0 0.042       0.0    0.0    0.0    0.0    0.0   0.0   0.0   0.0 0.073    0.128
 21.0 26.96383 -0.071849 -0.321900  0.453844 0.561032       0.0    0.0    0.0    0.0    0.0   0.0   0.0   0.0 0.048       0.0    0.0    0.0    0.0    0.0   0.0   0.0   0.0 0.079    0.137
 22.0 26.42880 -0.130603 -0.256234  0.369048 0.467878       0.0    0.0    0.0    0.0    0.0   0.0   0.0   0.0 0.015       0.0    0.0    0.0    0.0    0.0   0.0   0.0   0.0 0.019    0.052
 23.0 26.55442 -0.126238 -0.127044  0.189502 0.260744       0.0    0.0    0.0    0.0    0.0   0.0   0.0   0.0 0.061       0.0    0.0    0.0    0.0    0.0   0.0   0.0   0.0 0.073    0.155
 24.0 26.92569 -0.184992 -0.061378  0.104706 0.221252       0.0    0.0    0.0    0.0    0.0   0.0   0.0   0.0 0.041       0.0    0.0    0.0    0.0    0.0   0.0   0.0   0.0 0.043    0.104
 25.0 27.34997 -0.243745  0.004289  0.019911 0.244595       0.0    0.0    0.0    0.0    0.0   0.0   0.0   0.0 0.025       0.0    0.0    0.0    0.0    0.0   0.0   0.0   0.0 0.045    0.084
 26.0 26.96695  0.050023 -0.324045  0.443889 0.551856       0.0    0.0    0.0    0.0    0.0   0.0   0.0   0.0 0.053       0.0    0.0    0.0    0.0    0.0   0.0   0.0   0.0 0.101    0.166
 27.0 26.63901 -0.008730 -0.258378  0.359093 0.442474       0.0    0.0    0.0    0.0    0.0   0.0   0.0   0.0 0.002       0.0    0.0    0.0    0.0    0.0   0.0   0.0   0.0 0.000    0.024
 28.0 26.43518 -0.067484 -0.192711  0.274297 0.341951       0.0    0.0    0.0    0.0    0.0   0.0   0.0   0.0 0.020       0.0    0.0    0.0    0.0    0.0   0.0   0.0   0.0 0.017    0.056
 29.0 27.38184 -0.063119 -0.063522  0.094751 0.130372       0.0    0.0    0.0    0.0    0.0   0.0   0.0   0.0 0.026       0.0    0.0    0.0    0.0    0.0   0.0   0.0   0.0 0.076    0.116
 30.0 27.49761 -0.121873  0.002145  0.009955 0.122297       0.0    0.0    0.0    0.0    0.0   0.0   0.0   0.0 0.015       0.0    0.0    0.0    0.0    0.0   0.0   0.0   0.0 0.036    0.068
 31.0 26.96072  0.113142 -0.260523  0.349138 0.450078       0.0    0.0    0.0    0.0    0.0   0.0   0.0   0.0 0.051       0.0    0.0    0.0    0.0    0.0   0.0   0.0   0.0 0.104    0.169
 32.0 27.01758  0.054389 -0.194856  0.264342 0.332872       0.0    0.0    0.0    0.0    0.0   0.0   0.0   0.0 0.057       0.0    0.0    0.0    0.0    0.0   0.0   0.0   0.0 0.063    0.138
 33.0 26.93760 -0.004365 -0.129189  0.179546 0.221237       0.0    0.0    0.0    0.0    0.0   0.0   0.0   0.0 0.033       0.0    0.0    0.0    0.0    0.0   0.0   0.0   0.0 0.053    0.098
 34.0 27.65619 -0.003501  0.096472  0.152067 0.180120       0.0    0.0    0.0    0.0    0.0   0.0   0.0   0.0 0.009       0.0    0.0    0.0    0.0    0.0   0.0   0.0   0.0 0.043    0.070
 35.0 27.17023 -0.062255  0.162138  0.067271 0.186253       0.0    0.0    0.0    0.0    0.0   0.0   0.0   0.0 0.014       0.0    0.0    0.0    0.0    0.0   0.0   0.0   0.0 0.047    0.076
 36.0 26.94352 -0.121009  0.227805 -0.017524 0.258545       0.0    0.0    0.0    0.0    0.0   0.0   0.0   0.0 0.047       0.0    0.0    0.0    0.0    0.0   0.0   0.0   0.0 0.074    0.132
 37.0 27.13268  0.172760 -0.100529  0.406453 0.452942       0.0    0.0    0.0    0.0    0.0   0.0   0.0   0.0 0.003       0.0    0.0    0.0    0.0    0.0   0.0   0.0   0.0 0.022    0.039
 38.0 27.04918  0.114006 -0.034862  0.321658 0.343040       0.0    0.0    0.0    0.0    0.0   0.0   0.0   0.0 0.052       0.0    0.0    0.0    0.0    0.0   0.0   0.0   0.0 0.084    0.149
 39.0 27.26768  0.055252  0.030805  0.236862 0.245164       0.0    0.0    0.0    0.0    0.0   0.0   0.0   0.0 0.010       0.0    0.0    0.0    0.0    0.0   0.0   0.0   0.0 0.012    0.042
 40.0 27.67458  0.059618  0.159994  0.057316 0.180104       0.0    0.0    0.0    0.0    0.0   0.0   0.0   0.0 0.011       0.0    0.0    0.0    0.0    0.0   0.0   0.0   0.0 0.043    0.072
 41.0 26.82177  0.000864  0.225661 -0.027480 0.227329       0.0    0.0    0.0    0.0    0.0   0.0   0.0   0.0 0.127       0.0    0.0    0.0    0.0    0.0   0.0   0.0   0.0 0.041    0.188
 42.0 26.78361 -0.057890  0.291328 -0.112275 0.317535       0.0    0.0    0.0    0.0    0.0   0.0   0.0   0.0 0.030       0.0    0.0    0.0    0.0    0.0   0.0   0.0   0.0 0.039    0.086
 43.0 26.61981  0.235879 -0.037007  0.311703 0.392641       0.0    0.0    0.0    0.0    0.0   0.0   0.0   0.0 0.076       0.0    0.0    0.0    0.0    0.0   0.0   0.0   0.0 0.061    0.156
 44.0 26.90816  0.177125  0.028660  0.226907 0.289277       0.0    0.0    0.0    0.0    0.0   0.0   0.0   0.0 0.063       0.0    0.0    0.0    0.0    0.0   0.0   0.0   0.0 0.059    0.142
 45.0 27.17977  0.122736  0.223516 -0.037435 0.257731       0.0    0.0    0.0    0.0    0.0   0.0   0.0   0.0 0.032       0.0    0.0    0.0    0.0    0.0   0.0   0.0   0.0 0.025    0.078
 46.0 26.78281  0.063983  0.289183 -0.122231 0.320407       0.0    0.0    0.0    0.0    0.0   0.0   0.0   0.0 0.061       0.0    0.0    0.0    0.0    0.0   0.0   0.0   0.0 0.110    0.190
 47.0 26.89739  0.005229  0.354850 -0.207026 0.410860       0.0    0.0    0.0    0.0    0.0   0.0   0.0   0.0 0.013       0.0    0.0    0.0    0.0    0.0   0.0   0.0   0.0 0.060    0.093
 48.0 26.70568  0.298998  0.026515  0.216952 0.370366       0.0    0.0    0.0    0.0    0.0   0.0   0.0   0.0 0.042       0.0    0.0    0.0    0.0    0.0   0.0   0.0   0.0 0.084    0.142
 49.0 26.89715  0.240244  0.092182  0.132156 0.289275       0.0    0.0    0.0    0.0    0.0   0.0   0.0   0.0 0.072       0.0    0.0    0.0    0.0    0.0   0.0   0.0   0.0 0.066    0.155
 50.0 26.33952 -0.192858 -0.094095  0.436319 0.486233       0.0    0.0    0.0    0.0    0.0   0.0   0.0   0.0 0.072       0.0    0.0    0.0    0.0    0.0   0.0   0.0   0.0 0.034    0.131
 51.0 26.84241 -0.251612 -0.028428  0.351524 0.433227       0.0    0.0    0.0    0.0    0.0   0.0   0.0   0.0 0.030       0.0    0.0    0.0    0.0    0.0   0.0   0.0   0.0 0.026    0.080
 52.0 26.93532 -0.310366  0.037239  0.266728 0.410923       0.0    0.0    0.0    0.0    0.0   0.0   0.0   0.0 0.017       0.0    0.0    0.0    0.0    0.0   0.0   0.0   0.0 0.050    0.085
 53.0 26.61826 -0.016597 -0.291096  0.690706 0.749725       0.0    0.0    0.0    0.0    0.0   0.0   0.0   0.0 0.105       0.0    0.0    0.0    0.0    0.0   0.0   0.0   0.0 0.087    0.209
 54.0 27.04125 -0.075351 -0.225429  0.605911 0.650864       0.0    0.0    0.0    0.0    0.0   0.0   0.0   0.0 0.052       0.0    0.0    0.0    0.0    0.0   0.0   0.0   0.0 0.084    0.147
 55.0 26.98163 -0.134104 -0.159762  0.521115 0.561310       0.0    0.0    0.0    0.0    0.0   0.0   0.0   0.0 0.032       0.0    0.0    0.0    0.0    0.0   0.0   0.0   0.0 0.066    0.115
 56.0 26.30485 -0.129739 -0.030573  0.341569 0.366655       0.0    0.0    0.0    0.0    0.0   0.0   0.0   0.0 0.054       0.0    0.0    0.0    0.0    0.0   0.0   0.0   0.0 0.039    0.120
 57.0 26.79156 -0.188493  0.035094  0.256773 0.320458       0.0    0.0    0.0    0.0    0.0   0.0   0.0   0.0 0.057       0.0    0.0    0.0    0.0    0.0   0.0   0.0   0.0 0.101    0.178
 58.0 26.78050 -0.247247  0.100761  0.171977 0.317585       0.0    0.0    0.0    0.0    0.0   0.0   0.0   0.0 0.031       0.0    0.0    0.0    0.0    0.0   0.0   0.0   0.0 0.052    0.100
 59.0 27.12642  0.046522 -0.227573  0.595955 0.639622       0.0    0.0    0.0    0.0    0.0   0.0   0.0   0.0 0.006       0.0    0.0    0.0    0.0    0.0   0.0   0.0   0.0 0.022    0.041
 60.0 26.86637 -0.012232 -0.161907  0.511160 0.536328       0.0    0.0    0.0    0.0    0.0   0.0   0.0   0.0 0.033       0.0    0.0    0.0    0.0    0.0   0.0   0.0   0.0 0.062    0.111
 61.0 26.52430 -0.070986 -0.096240  0.426364 0.442818       0.0    0.0    0.0    0.0    0.0   0.0   0.0   0.0 0.063       0.0    0.0    0.0    0.0    0.0   0.0   0.0   0.0 0.035    0.114
 62.0 27.15068 -0.066620  0.032949  0.246818 0.257765       0.0    0.0    0.0    0.0    0.0   0.0   0.0   0.0 0.025       0.0    0.0    0.0    0.0    0.0   0.0   0.0   0.0 0.026    0.075
 63.0 26.77880 -0.125374  0.098616  0.162022 0.227365       0.0    0.0    0.0    0.0    0.0   0.0   0.0   0.0 0.107       0.0    0.0    0.0    0.0    0.0   0.0   0.0   0.0 0.046    0.173
 64.0 26.95679 -0.184128  0.164283  0.077227 0.258565       0.0    0.0    0.0    0.0    0.0   0.0   0.0   0.0 0.048       0.0    0.0    0.0    0.0    0.0   0.0   0.0   0.0 0.068    0.129
 65.0 26.63579  0.109641 -0.164051  0.501204 0.538646       0.0    0.0    0.0    0.0    0.0   0.0   0.0   0.0 0.071       0.0    0.0    0.0    0.0    0.0   0.0   0.0   0.0 0.057    0.144
 66.0 26.88420  0.050887 -0.098384  0.416409 0.430889       0.0    0.0    0.0    0.0    0.0   0.0   0.0   0.0 0.029       0.0    0.0    0.0    0.0    0.0   0.0   0.0   0.0 0.042    0.086
 67.0 26.99042 -0.007867 -0.032717  0.331613 0.333316       0.0    0.0    0.0    0.0    0.0   0.0   0.0   0.0 0.042       0.0    0.0    0.0    0.0    0.0   0.0   0.0   0.0 0.068    0.125
 68.0 27.13911 -0.007003  0.192943  0.304134 0.360241       0.0    0.0    0.0    0.0    0.0   0.0   0.0   0.0 0.010       0.0    0.0    0.0    0.0    0.0   0.0   0.0   0.0 0.042    0.066
 69.0 26.72043 -0.065757  0.258610  0.219338 0.345416       0.0    0.0    0.0    0.0    0.0   0.0   0.0   0.0 0.098       0.0    0.0    0.0    0.0    0.0   0.0   0.0   0.0 0.131    0.248
 70.0 26.52206 -0.124510  0.324277  0.134542 0.372505       0.0    0.0    0.0    0.0    0.0   0.0   0.0   0.0 0.030       0.0    0.0    0.0    0.0    0.0   0.0   0.0   0.0 0.091    0.136
 71.0 26.20771  0.169258 -0.004057  0.558520 0.583618       0.0    0.0    0.0    0.0    0.0   0.0   0.0   0.0 0.110       0.0    0.0    0.0    0.0    0.0   0.0   0.0   0.0 0.095    0.228
 72.0 26.74133  0.110505  0.061609  0.473725 0.490329       0.0    0.0    0.0    0.0    0.0   0.0   0.0   0.0 0.023       0.0    0.0    0.0    0.0    0.0   0.0   0.0   0.0 0.070    0.112
 73.0 26.99921  0.051751  0.127276  0.388929 0.412484       0.0    0.0    0.0    0.0    0.0   0.0   0.0   0.0 0.065       0.0    0.0    0.0    0.0    0.0   0.0   0.0   0.0 0.079    0.156
 74.0 26.65628  0.056116  0.256465  0.209383 0.335804       0.0    0.0    0.0    0.0    0.0   0.0   0.0   0.0 0.039       0.0    0.0    0.0    0.0    0.0   0.0   0.0   0.0 0.035    0.091
 75.0 26.69673 -0.002638  0.322132  0.124587 0.345396       0.0    0.0    0.0    0.0    0.0   0.0   0.0   0.0 0.100       0.0    0.0    0.0    0.0    0.0   0.0   0.0   0.0 0.132    0.248
 76.0 26.50279 -0.061391  0.387799  0.039791 0.394640       0.0    0.0    0.0    0.0    0.0   0.0   0.0   0.0 0.084       0.0    0.0    0.0    0.0    0.0   0.0   0.0   0.0 0.063    0.169
 77.0 26.69910  0.232377  0.059465  0.463769 0.522128       0.0    0.0    0.0    0.0    0.0   0.0   0.0   0.0 0.037       0.0    0.0    0.0    0.0    0.0   0.0   0.0   0.0 0.026    0.091
 78.0 26.88640  0.173624  0.125132  0.378974 0.435229       0.0    0.0    0.0    0.0    0.0   0.0   0.0   0.0 0.035       0.0    0.0    0.0    0.0    0.0   0.0   0.0   0.0 0.021    0.081
 79.0 26.83855  0.114870  0.190799  0.294178 0.368972       0.0    0.0    0.0    0.0    0.0   0.0   0.0   0.0 0.004       0.0    0.0    0.0    0.0    0.0   0.0   0.0   0.0 0.054    0.074
 80.0 27.15320  0.119235  0.319988  0.114632 0.360208       0.0    0.0    0.0    0.0    0.0   0.0   0.0   0.0 0.014       0.0    0.0    0.0    0.0    0.0   0.0   0.0   0.0 0.046    0.073
 81.0 26.69707  0.060481  0.385655  0.029836 0.391507       0.0    0.0    0.0    0.0    0.0   0.0   0.0   0.0 0.091       0.0    0.0    0.0    0.0    0.0   0.0   0.0   0.0 0.072    0.184
 82.0 26.69739  0.001728  0.451321 -0.054959 0.454659       0.0    0.0    0.0    0.0    0.0   0.0   0.0   0.0 0.035       0.0    0.0    0.0    0.0    0.0   0.0   0.0   0.0 0.043    0.101
 83.0 26.50620  0.295496  0.122987  0.369018 0.488486       0.0    0.0    0.0    0.0    0.0   0.0   0.0   0.0 0.065       0.0    0.0    0.0    0.0    0.0   0.0   0.0   0.0 0.052    0.137
 84.0 26.57924  0.236743  0.188654  0.284223 0.415235       0.0    0.0    0.0    0.0    0.0   0.0   0.0   0.0 0.013       0.0    0.0    0.0    0.0    0.0   0.0   0.0   0.0 0.004    0.029
 85.0 26.87854  0.177989  0.254321  0.199427 0.368958       0.0    0.0    0.0    0.0    0.0   0.0   0.0   0.0 0.015       0.0    0.0    0.0    0.0    0.0   0.0   0.0   0.0 0.046    0.076
 86.0 26.64378 -0.196360  0.002377  0.588386 0.620291       0.0    0.0    0.0    0.0    0.0   0.0   0.0   0.0 0.093       0.0    0.0    0.0    0.0    0.0   0.0   0.0   0.0 0.092    0.204
 87.0 26.70846 -0.255113  0.068043  0.503591 0.568609       0.0    0.0    0.0    0.0    0.0   0.0   0.0   0.0 0.062       0.0    0.0    0.0    0.0    0.0   0.0   0.0   0.0 0.054    0.138
 88.0 26.86808 -0.313867  0.133710  0.418795 0.540167       0.0    0.0    0.0    0.0    0.0   0.0   0.0   0.0 0.027       0.0    0.0    0.0    0.0    0.0   0.0   0.0   0.0 0.023    0.073
 89.0 26.49552 -0.020098 -0.194624  0.842773 0.865187       0.0    0.0    0.0    0.0    0.0   0.0   0.0   0.0 0.040       0.0    0.0    0.0    0.0    0.0   0.0   0.0   0.0 0.061    0.118
 90.0 26.85389 -0.078852 -0.128957  0.757977 0.772902       0.0    0.0    0.0    0.0    0.0   0.0   0.0   0.0 0.024       0.0    0.0    0.0    0.0    0.0   0.0   0.0   0.0 0.043    0.087
 91.0 27.00042 -0.137606 -0.063290  0.673182 0.690011       0.0    0.0    0.0    0.0    0.0   0.0   0.0   0.0 0.060       0.0    0.0    0.0    0.0    0.0   0.0   0.0   0.0 0.084    0.157
 92.0 26.79344 -0.133241  0.065899  0.493635 0.515530       0.0    0.0    0.0    0.0    0.0   0.0   0.0   0.0 0.074       0.0    0.0    0.0    0.0    0.0   0.0   0.0   0.0 0.106    0.199
 93.0 26.70459 -0.191994  0.131566  0.408840 0.470448       0.0    0.0    0.0    0.0    0.0   0.0   0.0   0.0 0.075       0.0    0.0    0.0    0.0    0.0   0.0   0.0   0.0 0.060    0.155
 94.0 26.70351 -0.250748  0.197233  0.324044 0.454731       0.0    0.0    0.0    0.0    0.0   0.0   0.0   0.0 0.043       0.0    0.0    0.0    0.0    0.0   0.0   0.0   0.0 0.048    0.110
 95.0 26.67733  0.043021 -0.131102  0.748022 0.760641       0.0    0.0    0.0    0.0    0.0   0.0   0.0   0.0 0.030       0.0    0.0    0.0    0.0    0.0   0.0   0.0   0.0 0.034    0.086
 96.0 26.74786 -0.015733 -0.065435  0.663226 0.666632       0.0    0.0    0.0    0.0    0.0   0.0   0.0   0.0 0.021       0.0    0.0    0.0    0.0    0.0   0.0   0.0   0.0 0.074    0.113
 97.0 26.79472 -0.074487  0.000232  0.578431 0.583207       0.0    0.0    0.0    0.0    0.0   0.0   0.0   0.0 0.020       0.0    0.0    0.0    0.0    0.0   0.0   0.0   0.0 0.110    0.148
 98.0 26.62375 -0.070122  0.129421  0.398884 0.425177       0.0    0.0    0.0    0.0    0.0   0.0   0.0   0.0 0.085       0.0    0.0    0.0    0.0    0.0   0.0   0.0   0.0 0.092    0.197
 99.0 26.68959 -0.128875  0.195088  0.314089 0.391561       0.0    0.0    0.0    0.0    0.0   0.0   0.0   0.0 0.071       0.0    0.0    0.0    0.0    0.0   0.0   0.0   0.0 0.071    0.162
100.0 26.49093 -0.187629  0.260755  0.229293 0.394681       0.0    0.0    0.0    0.0    0.0   0.0   0.0   0.0 0.087       0.0    0.0    0.0    0.0    0.0   0.0   0.0   0.0 0.073    0.179
101.0 26.21790  0.106139 -0.067580  0.653271 0.665279       0.0    0.0    0.0    0.0    0.0   0.0   0.0   0.0 0.106       0.0    0.0    0.0    0.0    0.0   0.0   0.0   0.0 0.091    0.220
102.0 26.29564  0.047386 -0.001913  0.568476 0.570450       0.0    0.0    0.0    0.0    0.0   0.0   0.0   0.0 0.118       0.0    0.0    0.0    0.0    0.0   0.0   0.0   0.0 0.103    0.245
103.0 26.82028 -0.011368  0.063754  0.483680 0.487996       0.0    0.0    0.0    0.0    0.0   0.0   0.0   0.0 0.062       0.0    0.0    0.0    0.0    0.0   0.0   0.0   0.0 0.117    0.199
104.0 27.03593  0.010504 -0.289415 -0.456200 0.540361       0.0    0.0    0.0    0.0    0.0   0.0   0.0   0.0 0.011       0.0    0.0    0.0    0.0    0.0   0.0   0.0   0.0 0.042    0.069
105.0 26.83290 -0.048250 -0.223748 -0.540996 0.587425       0.0    0.0    0.0    0.0    0.0   0.0   0.0   0.0 0.058       0.0    0.0    0.0    0.0    0.0   0.0   0.0   0.0 0.085    0.160
106.0 26.85800 -0.107003 -0.158081 -0.625791 0.654259       0.0    0.0    0.0    0.0    0.0   0.0   0.0   0.0 0.014       0.0    0.0    0.0    0.0    0.0   0.0   0.0   0.0 0.030    0.068
107.0 27.01244  0.186765 -0.486415 -0.201814 0.558758       0.0    0.0    0.0    0.0    0.0   0.0   0.0   0.0 0.018       0.0    0.0    0.0    0.0    0.0   0.0   0.0   0.0 0.025    0.063
108.0 26.85800  0.128012 -0.420749 -0.286609 0.524939       0.0    0.0    0.0    0.0    0.0   0.0   0.0   0.0 0.014       0.0    0.0    0.0    0.0    0.0   0.0   0.0   0.0 0.030    0.068
109.0 26.83290  0.069258 -0.355082 -0.371405 0.518480       0.0    0.0    0.0    0.0    0.0   0.0   0.0   0.0 0.058       0.0    0.0    0.0    0.0    0.0   0.0   0.0   0.0 0.085    0.160
110.0 26.64119  0.073623 -0.225893 -0.550951 0.599996       0.0    0.0    0.0    0.0    0.0   0.0   0.0   0.0 0.026       0.0    0.0    0.0    0.0    0.0   0.0   0.0   0.0 0.052    0.092
111.0 26.72991  0.014869 -0.160226 -0.635747 0.655795       0.0    0.0    0.0    0.0    0.0   0.0   0.0   0.0 0.048       0.0    0.0    0.0    0.0    0.0   0.0   0.0   0.0 0.117    0.179
112.0 26.85381 -0.043884 -0.094559 -0.720542 0.728044       0.0    0.0    0.0    0.0    0.0   0.0   0.0   0.0 0.015       0.0    0.0    0.0    0.0    0.0   0.0   0.0   0.0 0.027    0.067
113.0 26.51869  0.249884 -0.422893 -0.296564 0.573787       0.0    0.0    0.0    0.0    0.0   0.0   0.0   0.0 0.082       0.0    0.0    0.0    0.0    0.0   0.0   0.0   0.0 0.027    0.134
114.0 26.92976  0.191131 -0.357226 -0.381360 0.556397       0.0    0.0    0.0    0.0    0.0   0.0   0.0   0.0 0.013       0.0    0.0    0.0    0.0    0.0   0.0   0.0   0.0 0.057    0.084
115.0 26.88935  0.132377 -0.291560 -0.466156 0.565537       0.0    0.0    0.0    0.0    0.0   0.0   0.0   0.0 0.012       0.0    0.0    0.0    0.0    0.0   0.0   0.0   0.0 0.020    0.056
116.0 26.64198  0.136742 -0.162370 -0.645702 0.679701       0.0    0.0    0.0    0.0    0.0   0.0   0.0   0.0 0.033       0.0    0.0    0.0    0.0    0.0   0.0   0.0   0.0 0.070    0.118
117.0 26.82483  0.077988 -0.096704 -0.730498 0.740986       0.0    0.0    0.0    0.0    0.0   0.0   0.0   0.0 0.057       0.0    0.0    0.0    0.0    0.0   0.0   0.0   0.0 0.085    0.159
118.0 26.93334  0.019235 -0.031037 -0.815293 0.816110       0.0    0.0    0.0    0.0    0.0   0.0   0.0   0.0 0.015       0.0    0.0    0.0    0.0    0.0   0.0   0.0   0.0 0.051    0.083
119.0 26.56352  0.313003 -0.359371 -0.391315 0.616641       0.0    0.0    0.0    0.0    0.0   0.0   0.0   0.0 0.066       0.0    0.0    0.0    0.0    0.0   0.0   0.0   0.0 0.079    0.161
120.0 26.40179  0.254250 -0.293704 -0.476111 0.614481       0.0    0.0    0.0    0.0    0.0   0.0   0.0   0.0 0.050       0.0    0.0    0.0    0.0    0.0   0.0   0.0   0.0 0.038    0.111
121.0 26.24868  0.195496 -0.228037 -0.560907 0.636267       0.0    0.0    0.0    0.0    0.0   0.0   0.0   0.0 0.310       0.0    0.0    0.0    0.0    0.0   0.0   0.0   0.0 0.087    0.421
122.0 27.02000 -0.178853 -0.479981 -0.171948 0.540311       0.0    0.0    0.0    0.0    0.0   0.0   0.0   0.0 0.006       0.0    0.0    0.0    0.0    0.0   0.0   0.0   0.0 0.057    0.080
123.0 26.89912 -0.237606 -0.414315 -0.256743 0.542246       0.0    0.0    0.0    0.0    0.0   0.0   0.0   0.0 0.010       0.0    0.0    0.0    0.0    0.0   0.0   0.0   0.0 0.030    0.055
124.0 26.37981 -0.296360 -0.348648 -0.341539 0.570993       0.0    0.0    0.0    0.0    0.0   0.0   0.0   0.0 0.040       0.0    0.0    0.0    0.0    0.0   0.0   0.0   0.0 0.053    0.113
125.0 26.37981 -0.061345 -0.611315 -0.002356 0.614390       0.0    0.0    0.0    0.0    0.0   0.0   0.0   0.0 0.040       0.0    0.0    0.0    0.0    0.0   0.0   0.0   0.0 0.053    0.113
126.0 26.89912 -0.120099 -0.545648 -0.087152 0.565466       0.0    0.0    0.0    0.0    0.0   0.0   0.0   0.0 0.010       0.0    0.0    0.0    0.0    0.0   0.0   0.0   0.0 0.030    0.055
127.0 26.64198 -0.115734 -0.416459 -0.266698 0.507898       0.0    0.0    0.0    0.0    0.0   0.0   0.0   0.0 0.033       0.0    0.0    0.0    0.0    0.0   0.0   0.0   0.0 0.070    0.118
128.0 26.24868 -0.174487 -0.350792 -0.351494 0.526355       0.0    0.0    0.0    0.0    0.0   0.0   0.0   0.0 0.310       0.0    0.0    0.0    0.0    0.0   0.0   0.0   0.0 0.087    0.421
129.0 26.40179 -0.233241 -0.285125 -0.436290 0.571005       0.0    0.0    0.0    0.0    0.0   0.0   0.0   0.0 0.050       0.0    0.0    0.0    0.0    0.0   0.0   0.0   0.0 0.038    0.111
130.0 26.56352  0.060528 -0.613460 -0.012312 0.616562       0.0    0.0    0.0    0.0    0.0   0.0   0.0   0.0 0.066       0.0    0.0    0.0    0.0    0.0   0.0   0.0   0.0 0.079    0.161
131.0 26.93334  0.001774 -0.547793 -0.097107 0.556336       0.0    0.0    0.0    0.0    0.0   0.0   0.0   0.0 0.015       0.0    0.0    0.0    0.0    0.0   0.0   0.0   0.0 0.051    0.083
132.0 26.82483 -0.056980 -0.482126 -0.181903 0.518441       0.0    0.0    0.0    0.0    0.0   0.0   0.0   0.0 0.057       0.0    0.0    0.0    0.0    0.0   0.0   0.0   0.0 0.085    0.159
133.0 26.64119 -0.052615 -0.352937 -0.361449 0.507916       0.0    0.0    0.0    0.0    0.0   0.0   0.0   0.0 0.026       0.0    0.0    0.0    0.0    0.0   0.0   0.0   0.0 0.052    0.092
134.0 26.88935 -0.111368 -0.287270 -0.446245 0.542274       0.0    0.0    0.0    0.0    0.0   0.0   0.0   0.0 0.012       0.0    0.0    0.0    0.0    0.0   0.0   0.0   0.0 0.020    0.056
135.0 26.92976 -0.170122 -0.221603 -0.531040 0.600045       0.0    0.0    0.0    0.0    0.0   0.0   0.0   0.0 0.013       0.0    0.0    0.0    0.0    0.0   0.0   0.0   0.0 0.057    0.084
136.0 26.51869  0.123647 -0.549938 -0.107063 0.573744       0.0    0.0    0.0    0.0    0.0   0.0   0.0   0.0 0.082       0.0    0.0    0.0    0.0    0.0   0.0   0.0   0.0 0.027    0.134
137.0 26.85381  0.064893 -0.484271 -0.191858 0.524918       0.0    0.0    0.0    0.0    0.0   0.0   0.0   0.0 0.015       0.0    0.0    0.0    0.0    0.0   0.0   0.0   0.0 0.027    0.067
138.0 26.72991  0.006139 -0.418604 -0.276654 0.501801       0.0    0.0    0.0    0.0    0.0   0.0   0.0   0.0 0.048       0.0    0.0    0.0    0.0    0.0   0.0   0.0   0.0 0.117    0.179
139.0 27.13911  0.007003 -0.192943 -0.304134 0.360241       0.0    0.0    0.0    0.0    0.0   0.0   0.0   0.0 0.010       0.0    0.0    0.0    0.0    0.0   0.0   0.0   0.0 0.042    0.066
140.0 26.99921 -0.051751 -0.127276 -0.388929 0.412484       0.0    0.0    0.0    0.0    0.0   0.0   0.0   0.0 0.065       0.0    0.0    0.0    0.0    0.0   0.0   0.0   0.0 0.079    0.156
141.0 26.74133 -0.110505 -0.061609 -0.473725 0.490329       0.0    0.0    0.0    0.0    0.0   0.0   0.0   0.0 0.023       0.0    0.0    0.0    0.0    0.0   0.0   0.0   0.0 0.070    0.112
142.0 26.20771  0.183264 -0.389944 -0.049747 0.433724       0.0    0.0    0.0    0.0    0.0   0.0   0.0   0.0 0.110       0.0    0.0    0.0    0.0    0.0   0.0   0.0   0.0 0.095    0.228
143.0 26.52206  0.124510 -0.324277 -0.134542 0.372505       0.0    0.0    0.0    0.0    0.0   0.0   0.0   0.0 0.030       0.0    0.0    0.0    0.0    0.0   0.0   0.0   0.0 0.091    0.136
144.0 26.72043  0.065757 -0.258610 -0.219338 0.345416       0.0    0.0    0.0    0.0    0.0   0.0   0.0   0.0 0.098       0.0    0.0    0.0    0.0    0.0   0.0   0.0   0.0 0.131    0.248
145.0 26.62375  0.070122 -0.129421 -0.398884 0.425177       0.0    0.0    0.0    0.0    0.0   0.0   0.0   0.0 0.085       0.0    0.0    0.0    0.0    0.0   0.0   0.0   0.0 0.092    0.197
146.0 26.82028  0.011368 -0.063754 -0.483680 0.487996       0.0    0.0    0.0    0.0    0.0   0.0   0.0   0.0 0.062       0.0    0.0    0.0    0.0    0.0   0.0   0.0   0.0 0.117    0.199
147.0 26.29564 -0.047386  0.001913 -0.568476 0.570450       0.0    0.0    0.0    0.0    0.0   0.0   0.0   0.0 0.118       0.0    0.0    0.0    0.0    0.0   0.0   0.0   0.0 0.103    0.245
148.0 26.21790  0.246383 -0.326422 -0.144498 0.433746       0.0    0.0    0.0    0.0    0.0   0.0   0.0   0.0 0.106       0.0    0.0    0.0    0.0    0.0   0.0   0.0   0.0 0.091    0.220
149.0 26.49093  0.187629 -0.260755 -0.229293 0.394681       0.0    0.0    0.0    0.0    0.0   0.0   0.0   0.0 0.087       0.0    0.0    0.0    0.0    0.0   0.0   0.0   0.0 0.073    0.179
150.0 26.68959  0.128875 -0.195088 -0.314089 0.391561       0.0    0.0    0.0    0.0    0.0   0.0   0.0   0.0 0.071       0.0    0.0    0.0    0.0    0.0   0.0   0.0   0.0 0.071    0.162
151.0 26.79344  0.133241 -0.065899 -0.493635 0.515530       0.0    0.0    0.0    0.0    0.0   0.0   0.0   0.0 0.074       0.0    0.0    0.0    0.0    0.0   0.0   0.0   0.0 0.106    0.199
152.0 26.79472  0.074487 -0.000232 -0.578431 0.583207       0.0    0.0    0.0    0.0    0.0   0.0   0.0   0.0 0.020       0.0    0.0    0.0    0.0    0.0   0.0   0.0   0.0 0.110    0.148
153.0 26.74786  0.015733  0.065435 -0.663226 0.666632       0.0    0.0    0.0    0.0    0.0   0.0   0.0   0.0 0.021       0.0    0.0    0.0    0.0    0.0   0.0   0.0   0.0 0.074    0.113
154.0 26.67733  0.309502 -0.262899 -0.239249 0.471325       0.0    0.0    0.0    0.0    0.0   0.0   0.0   0.0 0.030       0.0    0.0    0.0    0.0    0.0   0.0   0.0   0.0 0.034    0.086
155.0 26.70351  0.250748 -0.197233 -0.324044 0.454731       0.0    0.0    0.0    0.0    0.0   0.0   0.0   0.0 0.043       0.0    0.0    0.0    0.0    0.0   0.0   0.0   0.0 0.048    0.110
156.0 26.70459  0.191994 -0.131566 -0.408840 0.470448       0.0    0.0    0.0    0.0    0.0   0.0   0.0   0.0 0.075       0.0    0.0    0.0    0.0    0.0   0.0   0.0   0.0 0.060    0.155
157.0 26.64378 -0.182354 -0.383510 -0.019881 0.425121       0.0    0.0    0.0    0.0    0.0   0.0   0.0   0.0 0.093       0.0    0.0    0.0    0.0    0.0   0.0   0.0   0.0 0.092    0.204
158.0 27.00042 -0.241108 -0.317843 -0.104676 0.412449       0.0    0.0    0.0    0.0    0.0   0.0   0.0   0.0 0.060       0.0    0.0    0.0    0.0    0.0   0.0   0.0   0.0 0.084    0.157
159.0 26.85389 -0.299862 -0.252176 -0.189472 0.435212       0.0    0.0    0.0    0.0    0.0   0.0   0.0   0.0 0.024       0.0    0.0    0.0    0.0    0.0   0.0   0.0   0.0 0.043    0.087
160.0 26.49552 -0.006093 -0.580511  0.234506 0.626117       0.0    0.0    0.0    0.0    0.0   0.0   0.0   0.0 0.040       0.0    0.0    0.0    0.0    0.0   0.0   0.0   0.0 0.061    0.118
161.0 26.86808 -0.064847 -0.514844  0.149710 0.540076       0.0    0.0    0.0    0.0    0.0   0.0   0.0   0.0 0.027       0.0    0.0    0.0    0.0    0.0   0.0   0.0   0.0 0.023    0.073
162.0 26.70846 -0.123600 -0.449177  0.064915 0.470373       0.0    0.0    0.0    0.0    0.0   0.0   0.0   0.0 0.062       0.0    0.0    0.0    0.0    0.0   0.0   0.0   0.0 0.054    0.138
163.0 27.15320 -0.119235 -0.319988 -0.114632 0.360208       0.0    0.0    0.0    0.0    0.0   0.0   0.0   0.0 0.014       0.0    0.0    0.0    0.0    0.0   0.0   0.0   0.0 0.046    0.073
164.0 26.87854 -0.177989 -0.254321 -0.199427 0.368958       0.0    0.0    0.0    0.0    0.0   0.0   0.0   0.0 0.015       0.0    0.0    0.0    0.0    0.0   0.0   0.0   0.0 0.046    0.076
165.0 26.57924 -0.236743 -0.188654 -0.284223 0.415235       0.0    0.0    0.0    0.0    0.0   0.0   0.0   0.0 0.013       0.0    0.0    0.0    0.0    0.0   0.0   0.0   0.0 0.004    0.029
166.0 26.50620  0.057026 -0.516988  0.139755 0.538573       0.0    0.0    0.0    0.0    0.0   0.0   0.0   0.0 0.065       0.0    0.0    0.0    0.0    0.0   0.0   0.0   0.0 0.052    0.137
167.0 26.69739 -0.001728 -0.451321  0.054959 0.454659       0.0    0.0    0.0    0.0    0.0   0.0   0.0   0.0 0.035       0.0    0.0    0.0    0.0    0.0   0.0   0.0   0.0 0.043    0.101
168.0 26.69707 -0.060481 -0.385655 -0.029836 0.391507       0.0    0.0    0.0    0.0    0.0   0.0   0.0   0.0 0.091       0.0    0.0    0.0    0.0    0.0   0.0   0.0   0.0 0.072    0.184
169.0 26.65628 -0.056116 -0.256465 -0.209383 0.335804       0.0    0.0    0.0    0.0    0.0   0.0   0.0   0.0 0.039       0.0    0.0    0.0    0.0    0.0   0.0   0.0   0.0 0.035    0.091
170.0 26.83855 -0.114870 -0.190799 -0.294178 0.368972       0.0    0.0    0.0    0.0    0.0   0.0   0.0   0.0 0.004       0.0    0.0    0.0    0.0    0.0   0.0   0.0   0.0 0.054    0.074
171.0 26.88640 -0.173624 -0.125132 -0.378974 0.435229       0.0    0.0    0.0    0.0    0.0   0.0   0.0   0.0 0.035       0.0    0.0    0.0    0.0    0.0   0.0   0.0   0.0 0.021    0.081
172.0 26.69910  0.120145 -0.453466  0.045004 0.471266       0.0    0.0    0.0    0.0    0.0   0.0   0.0   0.0 0.037       0.0    0.0    0.0    0.0    0.0   0.0   0.0   0.0 0.026    0.091
173.0 26.50279  0.061391 -0.387799 -0.039791 0.394640       0.0    0.0    0.0    0.0    0.0   0.0   0.0   0.0 0.084       0.0    0.0    0.0    0.0    0.0   0.0   0.0   0.0 0.063    0.169
174.0 26.69673  0.002638 -0.322132 -0.124587 0.345396       0.0    0.0    0.0    0.0    0.0   0.0   0.0   0.0 0.100       0.0    0.0    0.0    0.0    0.0   0.0   0.0   0.0 0.132    0.248
175.0 27.65619  0.003501 -0.096472 -0.152067 0.180120       0.0    0.0    0.0    0.0    0.0   0.0   0.0   0.0 0.009       0.0    0.0    0.0    0.0    0.0   0.0   0.0   0.0 0.043    0.070
176.0 27.26768 -0.055252 -0.030805 -0.236862 0.245164       0.0    0.0    0.0    0.0    0.0   0.0   0.0   0.0 0.010       0.0    0.0    0.0    0.0    0.0   0.0   0.0   0.0 0.012    0.042
177.0 27.04918 -0.114006  0.034862 -0.321658 0.343040       0.0    0.0    0.0    0.0    0.0   0.0   0.0   0.0 0.052       0.0    0.0    0.0    0.0    0.0   0.0   0.0   0.0 0.084    0.149
178.0 27.13268  0.179763 -0.293472  0.102320 0.359040       0.0    0.0    0.0    0.0    0.0   0.0   0.0   0.0 0.003       0.0    0.0    0.0    0.0    0.0   0.0   0.0   0.0 0.022    0.039
179.0 26.94352  0.121009 -0.227805  0.017524 0.258545       0.0    0.0    0.0    0.0    0.0   0.0   0.0   0.0 0.047       0.0    0.0    0.0    0.0    0.0   0.0   0.0   0.0 0.074    0.132
180.0 27.17023  0.062255 -0.162138 -0.067271 0.186253       0.0    0.0    0.0    0.0    0.0   0.0   0.0   0.0 0.014       0.0    0.0    0.0    0.0    0.0   0.0   0.0   0.0 0.047    0.076
181.0 27.15068  0.066620 -0.032949 -0.246818 0.257765       0.0    0.0    0.0    0.0    0.0   0.0   0.0   0.0 0.025       0.0    0.0    0.0    0.0    0.0   0.0   0.0   0.0 0.026    0.075
182.0 26.99042  0.007867  0.032717 -0.331613 0.333316       0.0    0.0    0.0    0.0    0.0   0.0   0.0   0.0 0.042       0.0    0.0    0.0    0.0    0.0   0.0   0.0   0.0 0.068    0.125
183.0 26.88420 -0.050887  0.098384 -0.416409 0.430889       0.0    0.0    0.0    0.0    0.0   0.0   0.0   0.0 0.029       0.0    0.0    0.0    0.0    0.0   0.0   0.0   0.0 0.042    0.086
184.0 26.63579  0.242882 -0.229950  0.007569 0.334553       0.0    0.0    0.0    0.0    0.0   0.0   0.0   0.0 0.071       0.0    0.0    0.0    0.0    0.0   0.0   0.0   0.0 0.057    0.144
185.0 26.95679  0.184128 -0.164283 -0.077227 0.258565       0.0    0.0    0.0    0.0    0.0   0.0   0.0   0.0 0.048       0.0    0.0    0.0    0.0    0.0   0.0   0.0   0.0 0.068    0.129
186.0 26.77880  0.125374 -0.098616 -0.162022 0.227365       0.0    0.0    0.0    0.0    0.0   0.0   0.0   0.0 0.107       0.0    0.0    0.0    0.0    0.0   0.0   0.0   0.0 0.046    0.173
187.0 26.30485  0.129739  0.030573 -0.341569 0.366655       0.0    0.0    0.0    0.0    0.0   0.0   0.0   0.0 0.054       0.0    0.0    0.0    0.0    0.0   0.0   0.0   0.0 0.039    0.120
188.0 26.52430  0.070986  0.096240 -0.426364 0.442818       0.0    0.0    0.0    0.0    0.0   0.0   0.0   0.0 0.063       0.0    0.0    0.0    0.0    0.0   0.0   0.0   0.0 0.035    0.114
189.0 26.86637  0.012232  0.161907 -0.511160 0.536328       0.0    0.0    0.0    0.0    0.0   0.0   0.0   0.0 0.033       0.0    0.0    0.0    0.0    0.0   0.0   0.0   0.0 0.062    0.111
190.0 27.12642  0.306001 -0.166428 -0.087182 0.359076       0.0    0.0    0.0    0.0    0.0   0.0   0.0   0.0 0.006       0.0    0.0    0.0    0.0    0.0   0.0   0.0   0.0 0.022    0.041
191.0 26.78050  0.247247 -0.100761 -0.171977 0.317585       0.0    0.0    0.0    0.0    0.0   0.0   0.0   0.0 0.031       0.0    0.0    0.0    0.0    0.0   0.0   0.0   0.0 0.052    0.100
192.0 26.79156  0.188493 -0.035094 -0.256773 0.320458       0.0    0.0    0.0    0.0    0.0   0.0   0.0   0.0 0.057       0.0    0.0    0.0    0.0    0.0   0.0   0.0   0.0 0.101    0.178
193.0 26.33952 -0.185855 -0.287038  0.132186 0.366615       0.0    0.0    0.0    0.0    0.0   0.0   0.0   0.0 0.072       0.0    0.0    0.0    0.0    0.0   0.0   0.0   0.0 0.034    0.131
194.0 26.98163 -0.244609 -0.221371  0.047390 0.333294       0.0    0.0    0.0    0.0    0.0   0.0   0.0   0.0 0.032       0.0    0.0    0.0    0.0    0.0   0.0   0.0   0.0 0.066    0.115
195.0 27.04125 -0.303363 -0.155704 -0.037405 0.343034       0.0    0.0    0.0    0.0    0.0   0.0   0.0   0.0 0.052       0.0    0.0    0.0    0.0    0.0   0.0   0.0   0.0 0.084    0.147
196.0 26.61826 -0.009594 -0.484039  0.386573 0.619535       0.0    0.0    0.0    0.0    0.0   0.0   0.0   0.0 0.105       0.0    0.0    0.0    0.0    0.0   0.0   0.0   0.0 0.087    0.209
197.0 26.93532 -0.068348 -0.418372  0.301777 0.520361       0.0    0.0    0.0    0.0    0.0   0.0   0.0   0.0 0.017       0.0    0.0    0.0    0.0    0.0   0.0   0.0   0.0 0.050    0.085
198.0 26.84241 -0.127102 -0.352705  0.216982 0.433171       0.0    0.0    0.0    0.0    0.0   0.0   0.0   0.0 0.030       0.0    0.0    0.0    0.0    0.0   0.0   0.0   0.0 0.026    0.080
199.0 27.17977 -0.122736 -0.223516  0.037435 0.257731       0.0    0.0    0.0    0.0    0.0   0.0   0.0   0.0 0.032       0.0    0.0    0.0    0.0    0.0   0.0   0.0   0.0 0.025    0.078
200.0 26.89715 -0.240244 -0.092182 -0.132156 0.289275       0.0    0.0    0.0    0.0    0.0   0.0   0.0   0.0 0.072       0.0    0.0    0.0    0.0    0.0   0.0   0.0   0.0 0.066    0.155
201.0 26.70568  0.053525 -0.420517  0.291822 0.514645       0.0    0.0    0.0    0.0    0.0   0.0   0.0   0.0 0.042       0.0    0.0    0.0    0.0    0.0   0.0   0.0   0.0 0.084    0.142
202.0 26.89739 -0.005229 -0.354850  0.207026 0.410860       0.0    0.0    0.0    0.0    0.0   0.0   0.0   0.0 0.013       0.0    0.0    0.0    0.0    0.0   0.0   0.0   0.0 0.060    0.093
203.0 26.78281 -0.063983 -0.289183  0.122231 0.320407       0.0    0.0    0.0    0.0    0.0   0.0   0.0   0.0 0.061       0.0    0.0    0.0    0.0    0.0   0.0   0.0   0.0 0.110    0.190
204.0 27.67458 -0.059618 -0.159994 -0.057316 0.180104       0.0    0.0    0.0    0.0    0.0   0.0   0.0   0.0 0.011       0.0    0.0    0.0    0.0    0.0   0.0   0.0   0.0 0.043    0.072
205.0 26.90816 -0.177125 -0.028660 -0.226907 0.289277       0.0    0.0    0.0    0.0    0.0   0.0   0.0   0.0 0.063       0.0    0.0    0.0    0.0    0.0   0.0   0.0   0.0 0.059    0.142
206.0 26.61981  0.116644 -0.356994  0.197071 0.424132       0.0    0.0    0.0    0.0    0.0   0.0   0.0   0.0 0.076       0.0    0.0    0.0    0.0    0.0   0.0   0.0   0.0 0.061    0.156
207.0 26.78361  0.057890 -0.291328  0.112275 0.317535       0.0    0.0    0.0    0.0    0.0   0.0   0.0   0.0 0.030       0.0    0.0    0.0    0.0    0.0   0.0   0.0   0.0 0.039    0.086
208.0 26.82177 -0.000864 -0.225661  0.027480 0.227329       0.0    0.0    0.0    0.0    0.0   0.0   0.0   0.0 0.127       0.0    0.0    0.0    0.0    0.0   0.0   0.0   0.0 0.041    0.188