   ik    e(ev)        kx        ky        kz   abs(k)  AgDx2-y2  AgDxy  AgDxz  AgDyz  AgDz2  AgPx  AgPy  AgPz   AgS  AuDx2-y2  AuDxy  AuDxz  AuDyz  AuDz2  AuPx  AuPy  AuPz   AuS  |psi|^2
  1.0 27.30624  0.000000  0.000000  0.000000 0.000000       0.0    0.0    0.0    0.0    0.0   0.0   0.0   0.0 0.029       0.0    0.0    0.0    0.0  0.000   0.0   0.0   0.0 0.069    0.110
  2.0 26.67509 -0.058754  0.065667 -0.084796 0.122288       0.0    0.0    0.0    0.0    0.0   0.0   0.0   0.0 0.048       0.0    0.0    0.0    0.0  0.000   0.0   0.0   0.0 0.058    0.122
  3.0 26.88858 -0.117507  0.131334 -0.169591 0.244577       0.0    0.0    0.0    0.0    0.0   0.0   0.0   0.0 0.014       0.0    0.0    0.0    0.0  0.000   0.0   0.0   0.0 0.028    0.065
  4.0 26.46951  0.176261 -0.197001  0.254387 0.366865       0.0    0.0    0.0    0.0    0.0   0.0   0.0   0.0 0.082       0.0    0.0    0.0    0.0  0.000   0.0   0.0   0.0 0.080    0.181
  5.0 26.88858  0.117507 -0.131334  0.169591 0.244577       0.0    0.0    0.0    0.0    0.0   0.0   0.0   0.0 0.014       0.0    0.0    0.0    0.0  0.000   0.0   0.0   0.0 0.028    0.065
  6.0 26.67509  0.058754 -0.065667  0.084796 0.122288       0.0    0.0    0.0    0.0    0.0   0.0   0.0   0.0 0.048       0.0    0.0    0.0    0.0  0.000   0.0   0.0   0.0 0.058    0.122
  7.0 26.55140  0.063119  0.063522 -0.094751 0.130372       0.0    0.0    0.0    0.0    0.0   0.0   0.0   0.0 0.041       0.0    0.0    0.0    0.0  0.000   0.0   0.0   0.0 0.058    0.119
  8.0 26.65795  0.004365  0.129189 -0.179546 0.221237       0.0    0.0    0.0    0.0    0.0   0.0   0.0   0.0 0.031       0.0    0.0    0.0    0.0  0.000   0.0   0.0   0.0 0.061    0.105
  9.0 26.20280 -0.054389  0.194856 -0.264342 0.332872       0.0    0.0    0.0    0.0    0.0   0.0   0.0   0.0 0.020       0.0    0.0    0.0    0.0  0.000   0.0   0.0   0.0 0.057    0.094
 10.0 26.56323  0.239380 -0.133478  0.159636 0.317180       0.0    0.0    0.0    0.0    0.0   0.0   0.0   0.0 0.034       0.0    0.0    0.0    0.0  0.000   0.0   0.0   0.0 0.091    0.142
 11.0 26.70650  0.180626 -0.067812  0.074840 0.206943       0.0    0.0    0.0    0.0    0.0   0.0   0.0   0.0 0.057       0.0    0.0    0.0    0.0  0.000   0.0   0.0   0.0 0.068    0.139
 12.0 26.68178  0.121873 -0.002145 -0.009955 0.122297       0.0    0.0    0.0    0.0    0.0   0.0   0.0   0.0 0.051       0.0    0.0    0.0    0.0  0.000   0.0   0.0   0.0 0.051    0.119
 13.0 26.23182  0.126238  0.127044 -0.189502 0.260744       0.0    0.0    0.0    0.0    0.0   0.0   0.0   0.0 0.026       0.0    0.0    0.0    0.0  0.000   0.0   0.0   0.0 0.047    0.099
 14.0 25.96003  0.067484  0.192711 -0.274297 0.341951       0.0    0.0    0.0    0.0    0.0   0.0   0.0   0.0 0.072       0.0    0.0    0.0    0.0  0.000   0.0   0.0   0.0 0.063    0.157
 15.0 26.37174  0.008730  0.258378 -0.359093 0.442474       0.0    0.0    0.0    0.0    0.0   0.0   0.0   0.0 0.036       0.0    0.0    0.0    0.0  0.000   0.0   0.0   0.0 0.103    0.155
 16.0 26.53191  0.302499 -0.069956  0.064885 0.317190       0.0    0.0    0.0    0.0    0.0   0.0   0.0   0.0 0.030       0.0    0.0    0.0    0.0  0.000   0.0   0.0   0.0 0.095    0.141
 17.0 26.89547  0.243745 -0.004289 -0.019911 0.244595       0.0    0.0    0.0    0.0    0.0   0.0   0.0   0.0 0.015       0.0    0.0    0.0    0.0  0.000   0.0   0.0   0.0 0.026    0.065
 18.0 26.63566  0.184992  0.061378 -0.104706 0.221252       0.0    0.0    0.0    0.0    0.0   0.0   0.0   0.0 0.027       0.0    0.0    0.0    0.0  0.000   0.0   0.0   0.0 0.063    0.104
 19.0 25.77724 -0.189357 -0.190567  0.284253 0.391115       0.0    0.0    0.0    0.0    0.0   0.0   0.0   0.0 0.119       0.0    0.0    0.0    0.0  0.000   0.0   0.0   0.0 0.111    0.253
 20.0 25.94576 -0.248111 -0.124900  0.199457 0.341968       0.0    0.0    0.0    0.0    0.0   0.0   0.0   0.0 0.063       0.0    0.0    0.0    0.0  0.000   0.0   0.0   0.0 0.083    0.164
 21.0 26.20938 -0.306864 -0.059233  0.114662 0.332899       0.0    0.0    0.0    0.0    0.0   0.0   0.0   0.0 0.024       0.0    0.0    0.0    0.0  0.000   0.0   0.0   0.0 0.055    0.098
 22.0 26.47308 -0.013096 -0.387567  0.538639 0.663711       0.0    0.0    0.0    0.0    0.0   0.0   0.0   0.0 0.076       0.0    0.0    0.0    0.0  0.000   0.0   0.0   0.0 0.084    0.179
 23.0 26.20938 -0.071849 -0.321900  0.453844 0.561032       0.0    0.0    0.0    0.0    0.0   0.0   0.0   0.0 0.024       0.0    0.0    0.0    0.0  0.000   0.0   0.0   0.0 0.055    0.098
 24.0 25.94576 -0.130603 -0.256234  0.369048 0.467878       0.0    0.0    0.0    0.0    0.0   0.0   0.0   0.0 0.063       0.0    0.0    0.0    0.0  0.000   0.0   0.0   0.0 0.083    0.164
 25.0 26.23182 -0.126238 -0.127044  0.189502 0.260744       0.0    0.0    0.0    0.0    0.0   0.0   0.0   0.0 0.026       0.0    0.0    0.0    0.0  0.000   0.0   0.0   0.0 0.047    0.099
 26.0 26.63566 -0.184992 -0.061378  0.104706 0.221252       0.0    0.0    0.0    0.0    0.0   0.0   0.0   0.0 0.027       0.0    0.0    0.0    0.0  0.000   0.0   0.0   0.0 0.063    0.104
 27.0 26.89547 -0.243745  0.004289  0.019911 0.244595       0.0    0.0    0.0    0.0    0.0   0.0   0.0   0.0 0.015       0.0    0.0    0.0    0.0  0.000   0.0   0.0   0.0 0.026    0.065
 28.0 26.53191  0.050023 -0.324045  0.443889 0.551856       0.0    0.0    0.0    0.0    0.0   0.0   0.0   0.0 0.030       0.0    0.0    0.0    0.0  0.000   0.0   0.0   0.0 0.095    0.141
 29.0 26.37174 -0.008730 -0.258378  0.359093 0.442474       0.0    0.0    0.0    0.0    0.0   0.0   0.0   0.0 0.036       0.0    0.0    0.0    0.0  0.000   0.0   0.0   0.0 0.103    0.155
 30.0 25.96003 -0.067484 -0.192711  0.274297 0.341951       0.0    0.0    0.0    0.0    0.0   0.0   0.0   0.0 0.072       0.0    0.0    0.0    0.0  0.000   0.0   0.0   0.0 0.063    0.157
 31.0 26.55140 -0.063119 -0.063522  0.094751 0.130372       0.0    0.0    0.0    0.0    0.0   0.0   0.0   0.0 0.041       0.0    0.0    0.0    0.0  0.000   0.0   0.0   0.0 0.058    0.119
 32.0 26.68178 -0.121873  0.002145  0.009955 0.122297       0.0    0.0    0.0    0.0    0.0   0.0   0.0   0.0 0.051       0.0    0.0    0.0    0.0  0.000   0.0   0.0   0.0 0.051    0.119
 33.0 26.70650 -0.180626  0.067812 -0.074840 0.206943       0.0    0.0    0.0    0.0    0.0   0.0   0.0   0.0 0.057       0.0    0.0    0.0    0.0  0.000   0.0   0.0   0.0 0.068    0.139
 34.0 26.56323  0.113142 -0.260523  0.349138 0.450078       0.0    0.0    0.0    0.0    0.0   0.0   0.0   0.0 0.034       0.0    0.0    0.0    0.0  0.000   0.0   0.0   0.0 0.091    0.142
 35.0 26.20280  0.054389 -0.194856  0.264342 0.332872       0.0    0.0    0.0    0.0    0.0   0.0   0.0   0.0 0.020       0.0    0.0    0.0    0.0  0.000   0.0   0.0   0.0 0.057    0.094
 36.0 26.65795 -0.004365 -0.129189  0.179546 0.221237       0.0    0.0    0.0    0.0    0.0   0.0   0.0   0.0 0.031       0.0    0.0    0.0    0.0  0.000   0.0   0.0   0.0 0.061    0.105
 37.0 27.02789 -0.003501  0.096472  0.152067 0.180120       0.0    0.0    0.0    0.0    0.0   0.0   0.0   0.0 0.008       0.0    0.0    0.0    0.0  0.000   0.0   0.0   0.0 0.025    0.051
 38.0 26.26246 -0.121009  0.227805 -0.017524 0.258545       0.0    0.0    0.0    0.0    0.0   0.0   0.0   0.0 0.029       0.0    0.0    0.0    0.0  0.000   0.0   0.0   0.0 0.100    0.147
 39.0 26.76176  0.172760 -0.100529  0.406453 0.452942       0.0    0.0    0.0    0.0    0.0   0.0   0.0   0.0 0.016       0.0    0.0    0.0    0.0  0.000   0.0   0.0   0.0 0.101    0.131
 40.0 26.21941  0.114006 -0.034862  0.321658 0.343040       0.0    0.0    0.0    0.0    0.0   0.0   0.0   0.0 0.064       0.0    0.0    0.0    0.0  0.000   0.0   0.0   0.0 0.098    0.181
 41.0 26.83100  0.055252  0.030805  0.236862 0.245164       0.0    0.0    0.0    0.0    0.0   0.0   0.0   0.0 0.051       0.0    0.0    0.0    0.0  0.000   0.0   0.0   0.0 0.079    0.146
 42.0 27.02058  0.059618  0.159994  0.057316 0.180104       0.0    0.0    0.0    0.0    0.0   0.0   0.0   0.0 0.005       0.0    0.0    0.0    0.0  0.000   0.0   0.0   0.0 0.024    0.049
 43.0 26.40626  0.000864  0.225661 -0.027480 0.227329       0.0    0.0    0.0    0.0    0.0   0.0   0.0   0.0 0.036       0.0    0.0    0.0    0.0  0.000   0.0   0.0   0.0 0.120    0.177
 44.0 26.43302 -0.057890  0.291328 -0.112275 0.317535       0.0    0.0    0.0    0.0    0.0   0.0   0.0   0.0 0.056       0.0    0.0    0.0    0.0  0.000   0.0   0.0   0.0 0.079    0.153
 45.0 26.45949  0.235879 -0.037007  0.311703 0.392641       0.0    0.0    0.0    0.0    0.0   0.0   0.0   0.0 0.045       0.0    0.0    0.0    0.0  0.000   0.0   0.0   0.0 0.103    0.164
 46.0 26.75017  0.177125  0.028660  0.226907 0.289277       0.0    0.0    0.0    0.0    0.0   0.0   0.0   0.0 0.060       0.0    0.0    0.0    0.0  0.000   0.0   0.0   0.0 0.054    0.130
 47.0 26.87252  0.118371  0.094327  0.142111 0.207617       0.0    0.0    0.0    0.0    0.0   0.0   0.0   0.0 0.073       0.0    0.0    0.0    0.0  0.000   0.0   0.0   0.0 0.078    0.165
 48.0 26.84090  0.122736  0.223516 -0.037435 0.257731       0.0    0.0    0.0    0.0    0.0   0.0   0.0   0.0 0.019       0.0    0.0    0.0    0.0  0.000   0.0   0.0   0.0 0.099    0.132
 49.0 26.08854  0.063983  0.289183 -0.122231 0.320407       0.0    0.0    0.0    0.0    0.0   0.0   0.0   0.0 0.078       0.0    0.0    0.0    0.0  0.000   0.0   0.0   0.0 0.071    0.167
 50.0 26.48405  0.005229  0.354850 -0.207026 0.410860       0.0    0.0    0.0    0.0    0.0   0.0   0.0   0.0 0.033       0.0    0.0    0.0    0.0  0.000   0.0   0.0   0.0 0.061    0.109
 51.0 26.27212  0.298998  0.026515  0.216952 0.370366       0.0    0.0    0.0    0.0    0.0   0.0   0.0   0.0 0.095       0.0    0.0    0.0    0.0  0.000   0.0   0.0   0.0 0.103    0.217
 52.0 26.73906  0.240244  0.092182  0.132156 0.289275       0.0    0.0    0.0    0.0    0.0   0.0   0.0   0.0 0.048       0.0    0.0    0.0    0.0  0.000   0.0   0.0   0.0 0.045    0.109
 53.0 26.82866  0.181490  0.157849  0.047361 0.245149       0.0    0.0    0.0    0.0    0.0   0.0   0.0   0.0 0.050       0.0    0.0    0.0    0.0  0.000   0.0   0.0   0.0 0.080    0.143
 54.0 26.02823 -0.192858 -0.094095  0.436319 0.486233       0.0    0.0    0.0    0.0    0.0   0.0   0.0   0.0 0.029       0.0    0.0    0.0    0.0  0.000   0.0   0.0   0.0 0.044    0.089
 55.0 26.61990 -0.251612 -0.028428  0.351524 0.433227       0.0    0.0    0.0    0.0    0.0   0.0   0.0   0.0 0.050       0.0    0.0    0.0    0.0  0.000   0.0   0.0   0.0 0.127    0.194
 56.0 26.47995 -0.310366  0.037239  0.266728 0.410923       0.0    0.0    0.0    0.0    0.0   0.0   0.0   0.0 0.029       0.0    0.0    0.0    0.0  0.000   0.0   0.0   0.0 0.063    0.107
 57.0 26.47263 -0.016597 -0.291096  0.690706 0.749725       0.0    0.0    0.0    0.0    0.0   0.0   0.0   0.0 0.033       0.0    0.0    0.0    0.0  0.000   0.0   0.0   0.0 0.091    0.142
 58.0 26.26198 -0.075351 -0.225429  0.605911 0.650864       0.0    0.0    0.0    0.0    0.0   0.0   0.0   0.0 0.069       0.0    0.0    0.0    0.0  0.000   0.0   0.0   0.0 0.088    0.179
 59.0 26.74445 -0.134104 -0.159762  0.521115 0.561310       0.0    0.0    0.0    0.0    0.0   0.0   0.0   0.0 0.072       0.0    0.0    0.0    0.0  0.000   0.0   0.0   0.0 0.177    0.271
 60.0 26.04204 -0.129739 -0.030573  0.341569 0.366655       0.0    0.0    0.0    0.0    0.0   0.0   0.0   0.0 0.035       0.0    0.0    0.0    0.0  0.000   0.0   0.0   0.0 0.055    0.106
 61.0 26.11612 -0.188493  0.035094  0.256773 0.320458       0.0    0.0    0.0    0.0    0.0   0.0   0.0   0.0 0.068       0.0    0.0    0.0    0.0  0.000   0.0   0.0   0.0 0.064    0.154
 62.0 26.44076 -0.247247  0.100761  0.171977 0.317585       0.0    0.0    0.0    0.0    0.0   0.0   0.0   0.0 0.062       0.0    0.0    0.0    0.0  0.000   0.0   0.0   0.0 0.073    0.154
 63.0 26.76081  0.046522 -0.227573  0.595955 0.639622       0.0    0.0    0.0    0.0    0.0   0.0   0.0   0.0 0.016       0.0    0.0    0.0    0.0  0.000   0.0   0.0   0.0 0.098    0.131
 64.0 26.47767 -0.012232 -0.161907  0.511160 0.536328       0.0    0.0    0.0    0.0    0.0   0.0   0.0   0.0 0.033       0.0    0.0    0.0    0.0  0.000   0.0   0.0   0.0 0.063    0.109
 65.0 25.96528 -0.070986 -0.096240  0.426364 0.442818       0.0    0.0    0.0    0.0    0.0   0.0   0.0   0.0 0.021       0.0    0.0    0.0    0.0  0.000   0.0   0.0   0.0 0.064    0.113
 66.0 26.82834 -0.066620  0.032949  0.246818 0.257765       0.0    0.0    0.0    0.0    0.0   0.0   0.0   0.0 0.020       0.0    0.0    0.0    0.0  0.000   0.0   0.0   0.0 0.096    0.126
 67.0 26.40414 -0.125374  0.098616  0.162022 0.227365       0.0    0.0    0.0    0.0    0.0   0.0   0.0   0.0 0.042       0.0    0.0    0.0    0.0  0.000   0.0   0.0   0.0 0.127    0.185
 68.0 26.24737 -0.184128  0.164283  0.077227 0.258565       0.0    0.0    0.0    0.0    0.0   0.0   0.0   0.0 0.026       0.0    0.0    0.0    0.0  0.000   0.0   0.0   0.0 0.103    0.145
 69.0 26.46768  0.109641 -0.164051  0.501204 0.538646       0.0    0.0    0.0    0.0    0.0   0.0   0.0   0.0 0.038       0.0    0.0    0.0    0.0  0.000   0.0   0.0   0.0 0.088    0.143
 70.0 26.46981  0.050887 -0.098384  0.416409 0.430889       0.0    0.0    0.0    0.0    0.0   0.0   0.0   0.0 0.032       0.0    0.0    0.0    0.0  0.000   0.0   0.0   0.0 0.063    0.111
 71.0 26.73586 -0.007867 -0.032717  0.331613 0.333316       0.0    0.0    0.0    0.0    0.0   0.0   0.0   0.0 0.064       0.0    0.0    0.0    0.0  0.000   0.0   0.0   0.0 0.182    0.263
 72.0 26.33436 -0.007003  0.192943  0.304134 0.360241       0.0    0.0    0.0    0.0    0.0   0.0   0.0   0.0 0.080       0.0    0.0    0.0    0.0  0.000   0.0   0.0   0.0 0.117    0.211
 73.0 26.38785 -0.065757  0.258610  0.219338 0.345416       0.0    0.0    0.0    0.0    0.0   0.0   0.0   0.0 0.038       0.0    0.0    0.0    0.0  0.000   0.0   0.0   0.0 0.100    0.155
 74.0 25.88751 -0.124510  0.324277  0.134542 0.372505       0.0    0.0    0.0    0.0    0.0   0.0   0.0   0.0 0.141       0.0    0.0    0.0    0.0  0.000   0.0   0.0   0.0 0.161    0.325
 75.0 25.99754  0.169258 -0.004057  0.558520 0.583618       0.0    0.0    0.0    0.0    0.0   0.0   0.0   0.0 0.080       0.0    0.0    0.0    0.0  0.000   0.0   0.0   0.0 0.211    0.319
 76.0 26.34801  0.110505  0.061609  0.473725 0.490329       0.0    0.0    0.0    0.0    0.0   0.0   0.0   0.0 0.087       0.0    0.0    0.0    0.0  0.000   0.0   0.0   0.0 0.227    0.336
 77.0 26.40433  0.051751  0.127276  0.388929 0.412484       0.0    0.0    0.0    0.0    0.0   0.0   0.0   0.0 0.055       0.0    0.0    0.0    0.0  0.000   0.0   0.0   0.0 0.084    0.158
 78.0 26.30897  0.056116  0.256465  0.209383 0.335804       0.0    0.0    0.0    0.0    0.0   0.0   0.0   0.0 0.078       0.0    0.0    0.0    0.0  0.000   0.0   0.0   0.0 0.107    0.196
 79.0 26.40139 -0.002638  0.322132  0.124587 0.345396       0.0    0.0    0.0    0.0    0.0   0.0   0.0   0.0 0.049       0.0    0.0    0.0    0.0  0.000   0.0   0.0   0.0 0.092    0.157
 80.0 26.29126 -0.061391  0.387799  0.039791 0.394640       0.0    0.0    0.0    0.0    0.0   0.0   0.0   0.0 0.015       0.0    0.0    0.0    0.0  0.000   0.0   0.0   0.0 0.090    0.122
 81.0 26.41467  0.232377  0.059465  0.463769 0.522128       0.0    0.0    0.0    0.0    0.0   0.0   0.0   0.0 0.002       0.0    0.0    0.0    0.0  0.000   0.0   0.0   0.0 0.020    0.042
 82.0 26.23815  0.173624  0.125132  0.378974 0.435229       0.0    0.0    0.0    0.0    0.0   0.0   0.0   0.0 0.053       0.0    0.0    0.0    0.0  0.000   0.0   0.0   0.0 0.085    0.154
 83.0 26.14576  0.114870  0.190799  0.294178 0.368972       0.0    0.0    0.0    0.0    0.0   0.0   0.0   0.0 0.045       0.0    0.0    0.0    0.0  0.000   0.0   0.0   0.0 0.026    0.102
 84.0 26.33714  0.119235  0.319988  0.114632 0.360208       0.0    0.0    0.0    0.0    0.0   0.0   0.0   0.0 0.083       0.0    0.0    0.0    0.0  0.000   0.0   0.0   0.0 0.113    0.211
 85.0 26.38616  0.060481  0.385655  0.029836 0.391507       0.0    0.0    0.0    0.0    0.0   0.0   0.0   0.0 0.039       0.0    0.0    0.0    0.0  0.000   0.0   0.0   0.0 0.131    0.187
 86.0 26.17242  0.001728  0.451321 -0.054959 0.454659       0.0    0.0    0.0    0.0    0.0   0.0   0.0   0.0 0.056       0.0    0.0    0.0    0.0  0.000   0.0   0.0   0.0 0.067    0.142
 87.0 26.25618  0.295496  0.122987  0.369018 0.488486       0.0    0.0    0.0    0.0    0.0   0.0   0.0   0.0 0.029       0.0    0.0    0.0    0.0  0.000   0.0   0.0   0.0 0.078    0.122
 88.0 26.29415  0.236743  0.188654  0.284223 0.415235       0.0    0.0    0.0    0.0    0.0   0.0   0.0   0.0 0.076       0.0    0.0    0.0    0.0  0.000   0.0   0.0   0.0 0.097    0.189
 89.0 26.15104  0.177989  0.254321  0.199427 0.368958       0.0    0.0    0.0    0.0    0.0   0.0   0.0   0.0 0.049       0.0    0.0    0.0    0.0  0.000   0.0   0.0   0.0 0.027    0.103
 90.0 26.42362 -0.196360  0.002377  0.588386 0.620291       0.0    0.0    0.0    0.0    0.0   0.0   0.0   0.0 0.055       0.0    0.0    0.0    0.0  0.000   0.0   0.0   0.0 0.129    0.202
 91.0 26.52690 -0.255113  0.068043  0.503591 0.568609       0.0    0.0    0.0    0.0    0.0   0.0   0.0   0.0 0.050       0.0    0.0    0.0    0.0  0.000   0.0   0.0   0.0 0.108    0.176
 92.0 26.65680 -0.313867  0.133710  0.418795 0.540167       0.0    0.0    0.0    0.0    0.0   0.0   0.0   0.0 0.060       0.0    0.0    0.0    0.0  0.000   0.0   0.0   0.0 0.120    0.193
 93.0 26.27674 -0.020098 -0.194624  0.842773 0.865187       0.0    0.0    0.0    0.0    0.0   0.0   0.0   0.0 0.053       0.0    0.0    0.0    0.0  0.000   0.0   0.0   0.0 0.077    0.146
 94.0 26.22680 -0.078852 -0.128957  0.757977 0.772902       0.0    0.0    0.0    0.0    0.0   0.0   0.0   0.0 0.045       0.0    0.0    0.0    0.0  0.000   0.0   0.0   0.0 0.104    0.164
 95.0 26.39554 -0.137606 -0.063290  0.673182 0.690011       0.0    0.0    0.0    0.0    0.0   0.0   0.0   0.0 0.037       0.0    0.0    0.0    0.0  0.000   0.0   0.0   0.0 0.086    0.137
 96.0 26.61367 -0.133241  0.065899  0.493635 0.515530       0.0    0.0    0.0    0.0    0.0   0.0   0.0   0.0 0.018       0.0    0.0    0.0    0.0  0.000   0.0   0.0   0.0 0.177    0.214
 97.0 26.52933 -0.191994  0.131566  0.408840 0.470448       0.0    0.0    0.0    0.0    0.0   0.0   0.0   0.0 0.050       0.0    0.0    0.0    0.0  0.000   0.0   0.0   0.0 0.106    0.175
 98.0 26.17624 -0.250748  0.197233  0.324044 0.454731       0.0    0.0    0.0    0.0    0.0   0.0   0.0   0.0 0.055       0.0    0.0    0.0    0.0  0.000   0.0   0.0   0.0 0.064    0.140
 99.0 26.40935  0.043021 -0.131102  0.748022 0.760641       0.0    0.0    0.0    0.0    0.0   0.0   0.0   0.0 0.003       0.0    0.0    0.0    0.0  0.000   0.0   0.0   0.0 0.018    0.041
100.0 26.35109 -0.015733 -0.065435  0.663226 0.666632       0.0    0.0    0.0    0.0    0.0   0.0   0.0   0.0 0.107       0.0    0.0    0.0    0.0  0.000   0.0   0.0   0.0 0.236    0.368
101.0 26.29399 -0.074487  0.000232  0.578431 0.583207       0.0    0.0    0.0    0.0    0.0   0.0   0.0   0.0 0.061       0.0    0.0    0.0    0.0  0.000   0.0   0.0   0.0 0.075    0.158
102.0 26.43346 -0.070122  0.129421  0.398884 0.425177       0.0    0.0    0.0    0.0    0.0   0.0   0.0   0.0 0.033       0.0    0.0    0.0    0.0  0.000   0.0   0.0   0.0 0.126    0.176
103.0 26.42720 -0.128875  0.195088  0.314089 0.391561       0.0    0.0    0.0    0.0    0.0   0.0   0.0   0.0 0.054       0.0    0.0    0.0    0.0  0.000   0.0   0.0   0.0 0.115    0.187
104.0 26.30276 -0.187629  0.260755  0.229293 0.394681       0.0    0.0    0.0    0.0    0.0   0.0   0.0   0.0 0.010       0.0    0.0    0.0    0.0  0.000   0.0   0.0   0.0 0.081    0.112
105.0 25.98425  0.106139 -0.067580  0.653271 0.665279       0.0    0.0    0.0    0.0    0.0   0.0   0.0   0.0 0.077       0.0    0.0    0.0    0.0  0.001   0.0   0.0   0.0 0.209    0.316
106.0 26.07835  0.047386 -0.001913  0.568476 0.570450       0.0    0.0    0.0    0.0    0.0   0.0   0.0   0.0 0.076       0.0    0.0    0.0    0.0  0.000   0.0   0.0   0.0 0.128    0.226
107.0 26.30666 -0.011368  0.063754  0.483680 0.487996       0.0    0.0    0.0    0.0    0.0   0.0   0.0   0.0 0.061       0.0    0.0    0.0    0.0  0.000   0.0   0.0   0.0 0.071    0.153
108.0 26.87838  0.010504 -0.289415 -0.456200 0.540361       0.0    0.0    0.0    0.0    0.0   0.0   0.0   0.0 0.006       0.0    0.0    0.0    0.0  0.000   0.0   0.0   0.0 0.032    0.063
109.0 26.63905 -0.048250 -0.223748 -0.540996 0.587425       0.0    0.0    0.0    0.0    0.0   0.0   0.0   0.0 0.040       0.0    0.0    0.0    0.0  0.000   0.0   0.0   0.0 0.075    0.135
110.0 26.29302 -0.107003 -0.158081 -0.625791 0.654259       0.0    0.0    0.0    0.0    0.0   0.0   0.0   0.0 0.069       0.0    0.0    0.0    0.0  0.000   0.0   0.0   0.0 0.072    0.156
111.0 26.82737  0.186765 -0.486415 -0.201814 0.558758       0.0    0.0    0.0    0.0    0.0   0.0   0.0   0.0 0.016       0.0    0.0    0.0    0.0  0.000   0.0   0.0   0.0 0.027    0.065
112.0 26.29302  0.128012 -0.420749 -0.286609 0.524939       0.0    0.0    0.0    0.0    0.0   0.0   0.0   0.0 0.069       0.0    0.0    0.0    0.0  0.000   0.0   0.0   0.0 0.072    0.156
113.0 26.63905  0.069258 -0.355082 -0.371405 0.518480       0.0    0.0    0.0    0.0    0.0   0.0   0.0   0.0 0.040       0.0    0.0    0.0    0.0  0.000   0.0   0.0   0.0 0.075    0.135
114.0 26.46878  0.073623 -0.225893 -0.550951 0.599996       0.0    0.0    0.0    0.0    0.0   0.0   0.0   0.0 0.066       0.0    0.0    0.0    0.0  0.000   0.0   0.0   0.0 0.107    0.190
115.0 26.47784  0.014869 -0.160226 -0.635747 0.655795       0.0    0.0    0.0    0.0    0.0   0.0   0.0   0.0 0.001       0.0    0.0    0.0    0.0  0.000   0.0   0.0   0.0 0.002    0.028
116.0 26.29819 -0.043884 -0.094559 -0.720542 0.728044       0.0    0.0    0.0    0.0    0.0   0.0   0.0   0.0 0.055       0.0    0.0    0.0    0.0  0.000   0.0   0.0   0.0 0.068    0.144
117.0 26.23587  0.249884 -0.422893 -0.296564 0.573787       0.0    0.0    0.0    0.0    0.0   0.0   0.0   0.0 0.012       0.0    0.0    0.0    0.0  0.000   0.0   0.0   0.0 0.060    0.094
118.0 26.20638  0.191131 -0.357226 -0.381360 0.556397       0.0    0.0    0.0    0.0    0.0   0.0   0.0   0.0 0.034       0.0    0.0    0.0    0.0  0.000   0.0   0.0   0.0 0.049    0.107
119.0 26.26860  0.132377 -0.291560 -0.466156 0.565537       0.0    0.0    0.0    0.0    0.0   0.0   0.0   0.0 0.091       0.0    0.0    0.0    0.0  0.000   0.0   0.0   0.0 0.114    0.229
120.0 26.43826  0.136742 -0.162370 -0.645702 0.679701       0.0    0.0    0.0    0.0    0.0   0.0   0.0   0.0 0.045       0.0    0.0    0.0    0.0  0.000   0.0   0.0   0.0 0.123    0.182
121.0 26.62625  0.077988 -0.096704 -0.730498 0.740986       0.0    0.0    0.0    0.0    0.0   0.0   0.0   0.0 0.036       0.0    0.0    0.0    0.0  0.000   0.0   0.0   0.0 0.077    0.132
122.0 26.21687  0.019235 -0.031037 -0.815293 0.816110       0.0    0.0    0.0    0.0    0.0   0.0   0.0   0.0 0.036       0.0    0.0    0.0    0.0  0.000   0.0   0.0   0.0 0.048    0.106
123.0 26.21540  0.313003 -0.359371 -0.391315 0.616641       0.0    0.0    0.0    0.0    0.0   0.0   0.0   0.0 0.040       0.0    0.0    0.0    0.0  0.000   0.0   0.0   0.0 0.043    0.108
124.0 25.67341  0.254250 -0.293704 -0.476111 0.614481       0.0    0.0    0.0    0.0    0.0   0.0   0.0   0.0 0.216       0.0    0.0    0.0    0.0  0.000   0.0   0.0   0.0 0.115    0.364
125.0 25.76821  0.195496 -0.228037 -0.560907 0.636267       0.0    0.0    0.0    0.0    0.0   0.0   0.0   0.0 0.093       0.0    0.0    0.0    0.0  0.000   0.0   0.0   0.0 0.151    0.261
126.0 26.86450 -0.178853 -0.479981 -0.171948 0.540311       0.0    0.0    0.0    0.0    0.0   0.0   0.0   0.0 0.007       0.0    0.0    0.0    0.0  0.000   0.0   0.0   0.0 0.037    0.065
127.0 26.26134 -0.237606 -0.414315 -0.256743 0.542246       0.0    0.0    0.0    0.0    0.0   0.0   0.0   0.0 0.089       0.0    0.0    0.0    0.0  0.000   0.0   0.0   0.0 0.122    0.232
128.0 25.63772 -0.296360 -0.348648 -0.341539 0.570993       0.0    0.0    0.0    0.0    0.0   0.0   0.0   0.0 0.201       0.0    0.0    0.0    0.0  0.000   0.0   0.0   0.0 0.119    0.351
129.0 25.80999 -0.002591 -0.676982  0.082439 0.681988       0.0    0.0    0.0    0.0    0.0   0.0   0.0   0.0 0.112       0.0    0.0    0.0    0.0  0.000   0.0   0.0   0.0 0.123    0.256
130.0 25.63772 -0.061345 -0.611315 -0.002356 0.614390       0.0    0.0    0.0    0.0    0.0   0.0   0.0   0.0 0.201       0.0    0.0    0.0    0.0  0.000   0.0   0.0   0.0 0.119    0.351
131.0 26.26134 -0.120099 -0.545648 -0.087152 0.565466       0.0    0.0    0.0    0.0    0.0   0.0   0.0   0.0 0.089       0.0    0.0    0.0    0.0  0.000   0.0   0.0   0.0 0.122    0.232
132.0 26.43826 -0.115734 -0.416459 -0.266698 0.507898       0.0    0.0    0.0    0.0    0.0   0.0   0.0   0.0 0.045       0.0    0.0    0.0    0.0  0.000   0.0   0.0   0.0 0.123    0.182
133.0 25.76821 -0.174487 -0.350792 -0.351494 0.526355       0.0    0.0    0.0    0.0    0.0   0.0   0.0   0.0 0.093       0.0    0.0    0.0    0.0  0.000   0.0   0.0   0.0 0.151    0.261
134.0 25.67341 -0.233241 -0.285125 -0.436290 0.571005       0.0    0.0    0.0    0.0    0.0   0.0   0.0   0.0 0.216       0.0    0.0    0.0    0.0  0.000   0.0   0.0   0.0 0.115    0.364
135.0 26.21540  0.060528 -0.613460 -0.012312 0.616562       0.0    0.0    0.0    0.0    0.0   0.0   0.0   0.0 0.040       0.0    0.0    0.0    0.0  0.000   0.0   0.0   0.0 0.043    0.108
136.0 26.21687  0.001774 -0.547793 -0.097107 0.556336       0.0    0.0    0.0    0.0    0.0   0.0   0.0   0.0 0.036       0.0    0.0    0.0    0.0  0.000   0.0   0.0   0.0 0.048    0.106
137.0 26.62625 -0.056980 -0.482126 -0.181903 0.518441       0.0    0.0    0.0    0.0    0.0   0.0   0.0   0.0 0.036       0.0    0.0    0.0    0.0  0.000   0.0   0.0   0.0 0.077    0.132
138.0 26.46878 -0.052615 -0.352937 -0.361449 0.507916       0.0    0.0    0.0    0.0    0.0   0.0   0.0   0.0 0.066       0.0    0.0    0.0    0.0  0.000   0.0   0.0   0.0 0.107    0.190
139.0 26.26860 -0.111368 -0.287270 -0.446245 0.542274       0.0    0.0    0.0    0.0    0.0   0.0   0.0   0.0 0.091       0.0    0.0    0.0    0.0  0.000   0.0   0.0   0.0 0.114    0.229
140.0 26.20638 -0.170122 -0.221603 -0.531040 0.600045       0.0    0.0    0.0    0.0    0.0   0.0   0.0   0.0 0.034       0.0    0.0    0.0    0.0  0.000   0.0   0.0   0.0 0.049    0.107
141.0 26.23587  0.123647 -0.549938 -0.107063 0.573744       0.0    0.0    0.0    0.0    0.0   0.0   0.0   0.0 0.012       0.0    0.0    0.0    0.0  0.000   0.0   0.0   0.0 0.060    0.094
142.0 26.29819  0.064893 -0.484271 -0.191858 0.524918       0.0    0.0    0.0    0.0    0.0   0.0   0.0   0.0 0.055       0.0    0.0    0.0    0.0  0.000   0.0   0.0   0.0 0.068    0.144
143.0 26.47784  0.006139 -0.418604 -0.276654 0.501801       0.0    0.0    0.0    0.0    0.0   0.0   0.0   0.0 0.001       0.0    0.0    0.0    0.0  0.000   0.0   0.0   0.0 0.002    0.028
144.0 26.33436  0.007003 -0.192943 -0.304134 0.360241       0.0    0.0    0.0    0.0    0.0   0.0   0.0   0.0 0.080       0.0    0.0    0.0    0.0  0.000   0.0   0.0   0.0 0.117    0.211
145.0 26.40433 -0.051751 -0.127276 -0.388929 0.412484       0.0    0.0    0.0    0.0    0.0   0.0   0.0   0.0 0.055       0.0    0.0    0.0    0.0  0.000   0.0   0.0   0.0 0.084    0.158
146.0 26.34801 -0.110505 -0.061609 -0.473725 0.490329       0.0    0.0    0.0    0.0    0.0   0.0   0.0   0.0 0.087       0.0    0.0    0.0    0.0  0.000   0.0   0.0   0.0 0.227    0.336
147.0 25.99754  0.183264 -0.389944 -0.049747 0.433724       0.0    0.0    0.0    0.0    0.0   0.0   0.0   0.0 0.080       0.0    0.0    0.0    0.0  0.000   0.0   0.0   0.0 0.211    0.319
148.0 25.88751  0.124510 -0.324277 -0.134542 0.372505       0.0    0.0    0.0    0.0    0.0   0.0   0.0   0.0 0.141       0.0    0.0    0.0    0.0  0.000   0.0   0.0   0.0 0.161    0.325
149.0 26.38785  0.065757 -0.258610 -0.219338 0.345416       0.0    0.0    0.0    0.0    0.0   0.0   0.0   0.0 0.038       0.0    0.0    0.0    0.0  0.000   0.0   0.0   0.0 0.100    0.155
150.0 26.43346  0.070122 -0.129421 -0.398884 0.425177       0.0    0.0    0.0    0.0    0.0   0.0   0.0   0.0 0.033       0.0    0.0    0.0    0.0  0.000   0.0   0.0   0.0 0.126    0.176
151.0 26.30666  0.011368 -0.063754 -0.483680 0.487996       0.0    0.0    0.0    0.0    0.0   0.0   0.0   0.0 0.061       0.0    0.0    0.0    0.0  0.000   0.0   0.0   0.0 0.071    0.153
152.0 26.07835 -0.047386  0.001913 -0.568476 0.570450       0.0    0.0    0.0    0.0    0.0   0.0   0.0   0.0 0.076       0.0    0.0    0.0    0.0  0.000   0.0   0.0   0.0 0.128    0.226
153.0 25.98425  0.246383 -0.326422 -0.144498 0.433746       0.0    0.0    0.0    0.0    0.0   0.0   0.0   0.0 0.077       0.0    0.0    0.0    0.0  0.001   0.0   0.0   0.0 0.209    0.316
154.0 26.30276  0.187629 -0.260755 -0.229293 0.394681       0.0    0.0    0.0    0.0    0.0   0.0   0.0   0.0 0.010       0.0    0.0    0.0    0.0  0.000   0.0   0.0   0.0 0.081    0.112
155.0 26.42720  0.128875 -0.195088 -0.314089 0.391561       0.0    0.0    0.0    0.0    0.0   0.0   0.0   0.0 0.054       0.0    0.0    0.0    0.0  0.000   0.0   0.0   0.0 0.115    0.187
156.0 26.61367  0.133241 -0.065899 -0.493635 0.515530       0.0    0.0    0.0    0.0    0.0   0.0   0.0   0.0 0.018       0.0    0.0    0.0    0.0  0.000   0.0   0.0   0.0 0.177    0.214
157.0 26.29399  0.074487 -0.000232 -0.578431 0.583207       0.0    0.0    0.0    0.0    0.0   0.0   0.0   0.0 0.061       0.0    0.0    0.0    0.0  0.000   0.0   0.0   0.0 0.075    0.158
158.0 26.35109  0.015733  0.065435 -0.663226 0.666632       0.0    0.0    0.0    0.0    0.0   0.0   0.0   0.0 0.107       0.0    0.0    0.0    0.0  0.000   0.0   0.0   0.0 0.236    0.368
159.0 26.40935  0.309502 -0.262899 -0.239249 0.471325       0.0    0.0    0.0    0.0    0.0   0.0   0.0   0.0 0.003       0.0    0.0    0.0    0.0  0.000   0.0   0.0   0.0 0.018    0.041
160.0 26.17624  0.250748 -0.197233 -0.324044 0.454731       0.0    0.0    0.0    0.0    0.0   0.0   0.0   0.0 0.055       0.0    0.0    0.0    0.0  0.000   0.0   0.0   0.0 0.064    0.140
161.0 26.52933  0.191994 -0.131566 -0.408840 0.470448       0.0    0.0    0.0    0.0    0.0   0.0   0.0   0.0 0.050       0.0    0.0    0.0    0.0  0.000   0.0   0.0   0.0 0.106    0.175
162.0 26.42362 -0.182354 -0.383510 -0.019881 0.425121       0.0    0.0    0.0    0.0    0.0   0.0   0.0   0.0 0.055       0.0    0.0    0.0    0.0  0.000   0.0   0.0   0.0 0.129    0.202
163.0 26.39554 -0.241108 -0.317843 -0.104676 0.412449       0.0    0.0    0.0    0.0    0.0   0.0   0.0   0.0 0.037       0.0    0.0    0.0    0.0  0.000   0.0   0.0   0.0 0.086    0.137
164.0 26.22680 -0.299862 -0.252176 -0.189472 0.435212       0.0    0.0    0.0    0.0    0.0   0.0   0.0   0.0 0.045       0.0    0.0    0.0    0.0  0.000   0.0   0.0   0.0 0.104    0.164
165.0 26.27674 -0.006093 -0.580511  0.234506 0.626117       0.0    0.0    0.0    0.0    0.0   0.0   0.0   0.0 0.053       0.0    0.0    0.0    0.0  0.000   0.0   0.0   0.0 0.077    0.146
166.0 26.65680 -0.064847 -0.514844  0.149710 0.540076       0.0    0.0    0.0    0.0    0.0   0.0   0.0   0.0 0.060       0.0    0.0    0.0    0.0  0.000   0.0   0.0   0.0 0.120    0.193
167.0 26.52690 -0.123600 -0.449177  0.064915 0.470373       0.0    0.0    0.0    0.0    0.0   0.0   0.0   0.0 0.050       0.0    0.0    0.0    0.0  0.000   0.0   0.0   0.0 0.108    0.176
168.0 26.33714 -0.119235 -0.319988 -0.114632 0.360208       0.0    0.0    0.0    0.0    0.0   0.0   0.0   0.0 0.083       0.0    0.0    0.0    0.0  0.000   0.0   0.0   0.0 0.113    0.211
169.0 26.15104 -0.177989 -0.254321 -0.199427 0.368958       0.0    0.0    0.0    0.0    0.0   0.0   0.0   0.0 0.049       0.0    0.0    0.0    0.0  0.000   0.0   0.0   0.0 0.027    0.103
170.0 26.29415 -0.236743 -0.188654 -0.284223 0.415235       0.0    0.0    0.0    0.0    0.0   0.0   0.0   0.0 0.076       0.0    0.0    0.0    0.0  0.000   0.0   0.0   0.0 0.097    0.189
171.0 26.25618  0.057026 -0.516988  0.139755 0.538573       0.0    0.0    0.0    0.0    0.0   0.0   0.0   0.0 0.029       0.0    0.0    0.0    0.0  0.000   0.0   0.0   0.0 0.078    0.122
172.0 26.17242 -0.001728 -0.451321  0.054959 0.454659       0.0    0.0    0.0    0.0    0.0   0.0   0.0   0.0 0.056       0.0    0.0    0.0    0.0  0.000   0.0   0.0   0.0 0.067    0.142
173.0 26.38616 -0.060481 -0.385655 -0.029836 0.391507       0.0    0.0    0.0    0.0    0.0   0.0   0.0   0.0 0.039       0.0    0.0    0.0    0.0  0.000   0.0   0.0   0.0 0.131    0.187
174.0 26.30897 -0.056116 -0.256465 -0.209383 0.335804       0.0    0.0    0.0    0.0    0.0   0.0   0.0   0.0 0.078       0.0    0.0    0.0    0.0  0.000   0.0   0.0   0.0 0.107    0.196
175.0 26.14576 -0.114870 -0.190799 -0.294178 0.368972       0.0    0.0    0.0    0.0    0.0   0.0   0.0   0.0 0.045       0.0    0.0    0.0    0.0  0.000   0.0   0.0   0.0 0.026    0.102
176.0 26.23815 -0.173624 -0.125132 -0.378974 0.435229       0.0    0.0    0.0    0.0    0.0   0.0   0.0   0.0 0.053       0.0    0.0    0.0    0.0  0.000   0.0   0.0   0.0 0.085    0.154
177.0 26.41467  0.120145 -0.453466  0.045004 0.471266       0.0    0.0    0.0    0.0    0.0   0.0   0.0   0.0 0.002       0.0    0.0    0.0    0.0  0.000   0.0   0.0   0.0 0.020    0.042
178.0 26.29126  0.061391 -0.387799 -0.039791 0.394640       0.0    0.0    0.0    0.0    0.0   0.0   0.0   0.0 0.015       0.0    0.0    0.0    0.0  0.000   0.0   0.0   0.0 0.090    0.122
179.0 26.40139  0.002638 -0.322132 -0.124587 0.345396       0.0    0.0    0.0    0.0    0.0   0.0   0.0   0.0 0.049       0.0    0.0    0.0    0.0  0.000   0.0   0.0   0.0 0.092    0.157
180.0 27.02789  0.003501 -0.096472 -0.152067 0.180120       0.0    0.0    0.0    0.0    0.0   0.0   0.0   0.0 0.008       0.0    0.0    0.0    0.0  0.000   0.0   0.0   0.0 0.025    0.051
181.0 26.83100 -0.055252 -0.030805 -0.236862 0.245164       0.0    0.0    0.0    0.0    0.0   0.0   0.0   0.0 0.051       0.0    0.0    0.0    0.0  0.000   0.0   0.0   0.0 0.079    0.146
182.0 26.21941 -0.114006  0.034862 -0.321658 0.343040       0.0    0.0    0.0    0.0    0.0   0.0   0.0   0.0 0.064       0.0    0.0    0.0    0.0  0.000   0.0   0.0   0.0 0.098    0.181
183.0 26.76176  0.179763 -0.293472  0.102320 0.359040       0.0    0.0    0.0    0.0    0.0   0.0   0.0   0.0 0.016       0.0    0.0    0.0    0.0  0.000   0.0   0.0   0.0 0.101    0.131
184.0 26.26246  0.121009 -0.227805  0.017524 0.258545       0.0    0.0    0.0    0.0    0.0   0.0   0.0   0.0 0.029       0.0    0.0    0.0    0.0  0.000   0.0   0.0   0.0 0.100    0.147
185.0 26.82834  0.066620 -0.032949 -0.246818 0.257765       0.0    0.0    0.0    0.0    0.0   0.0   0.0   0.0 0.020       0.0    0.0    0.0    0.0  0.000   0.0   0.0   0.0 0.096    0.126
186.0 26.73586  0.007867  0.032717 -0.331613 0.333316       0.0    0.0    0.0    0.0    0.0   0.0   0.0   0.0 0.064       0.0    0.0    0.0    0.0  0.000   0.0   0.0   0.0 0.182    0.263
187.0 26.46981 -0.050887  0.098384 -0.416409 0.430889       0.0    0.0    0.0    0.0    0.0   0.0   0.0   0.0 0.032       0.0    0.0    0.0    0.0  0.000   0.0   0.0   0.0 0.063    0.111
188.0 26.46768  0.242882 -0.229950  0.007569 0.334553       0.0    0.0    0.0    0.0    0.0   0.0   0.0   0.0 0.038       0.0    0.0    0.0    0.0  0.000   0.0   0.0   0.0 0.088    0.143
189.0 26.24737  0.184128 -0.164283 -0.077227 0.258565       0.0    0.0    0.0    0.0    0.0   0.0   0.0   0.0 0.026       0.0    0.0    0.0    0.0  0.000   0.0   0.0   0.0 0.103    0.145
190.0 26.40414  0.125374 -0.098616 -0.162022 0.227365       0.0    0.0    0.0    0.0    0.0   0.0   0.0   0.0 0.042       0.0    0.0    0.0    0.0  0.000   0.0   0.0   0.0 0.127    0.185
191.0 26.04204  0.129739  0.030573 -0.341569 0.366655       0.0    0.0    0.0    0.0    0.0   0.0   0.0   0.0 0.035       0.0    0.0    0.0    0.0  0.000   0.0   0.0   0.0 0.055    0.106
192.0 25.96528  0.070986  0.096240 -0.426364 0.442818       0.0    0.0    0.0    0.0    0.0   0.0   0.0   0.0 0.021       0.0    0.0    0.0    0.0  0.000   0.0   0.0   0.0 0.064    0.113
193.0 26.47767  0.012232  0.161907 -0.511160 0.536328       0.0    0.0    0.0    0.0    0.0   0.0   0.0   0.0 0.033       0.0    0.0    0.0    0.0  0.000   0.0   0.0   0.0 0.063    0.109
194.0 26.76081  0.306001 -0.166428 -0.087182 0.359076       0.0    0.0    0.0    0.0    0.0   0.0   0.0   0.0 0.016       0.0    0.0    0.0    0.0  0.000   0.0   0.0   0.0 0.098    0.131
195.0 26.44076  0.247247 -0.100761 -0.171977 0.317585       0.0    0.0    0.0    0.0    0.0   0.0   0.0   0.0 0.062       0.0    0.0    0.0    0.0  0.000   0.0   0.0   0.0 0.073    0.154
196.0 26.11612  0.188493 -0.035094 -0.256773 0.320458       0.0    0.0    0.0    0.0    0.0   0.0   0.0   0.0 0.068       0.0    0.0    0.0    0.0  0.000   0.0   0.0   0.0 0.064    0.154
197.0 26.02823 -0.185855 -0.287038  0.132186 0.366615       0.0    0.0    0.0    0.0    0.0   0.0   0.0   0.0 0.029       0.0    0.0    0.0    0.0  0.000   0.0   0.0   0.0 0.044    0.089
198.0 26.74445 -0.244609 -0.221371  0.047390 0.333294       0.0    0.0    0.0    0.0    0.0   0.0   0.0   0.0 0.072       0.0    0.0    0.0    0.0  0.000   0.0   0.0   0.0 0.177    0.271
199.0 26.26198 -0.303363 -0.155704 -0.037405 0.343034       0.0    0.0    0.0    0.0    0.0   0.0   0.0   0.0 0.069       0.0    0.0    0.0    0.0  0.000   0.0   0.0   0.0 0.088    0.179
200.0 26.47263 -0.009594 -0.484039  0.386573 0.619535       0.0    0.0    0.0    0.0    0.0   0.0   0.0   0.0 0.033       0.0    0.0    0.0    0.0  0.000   0.0   0.0   0.0 0.091    0.142
201.0 26.47995 -0.068348 -0.418372  0.301777 0.520361       0.0    0.0    0.0    0.0    0.0   0.0   0.0   0.0 0.029       0.0    0.0    0.0    0.0  0.000   0.0   0.0   0.0 0.063    0.107
202.0 26.61990 -0.127102 -0.352705  0.216982 0.433171       0.0    0.0    0.0    0.0    0.0   0.0   0.0   0.0 0.050       0.0    0.0    0.0    0.0  0.000   0.0   0.0   0.0 0.127    0.194
203.0 26.84090 -0.122736 -0.223516  0.037435 0.257731       0.0    0.0    0.0    0.0    0.0   0.0   0.0   0.0 0.019       0.0    0.0    0.0    0.0  0.000   0.0   0.0   0.0 0.099    0.132
204.0 26.82866 -0.181490 -0.157849 -0.047361 0.245149       0.0    0.0    0.0    0.0    0.0   0.0   0.0   0.0 0.050       0.0    0.0    0.0    0.0  0.000   0.0   0.0   0.0 0.080    0.143
205.0 26.73906 -0.240244 -0.092182 -0.132156 0.289275       0.0    0.0    0.0    0.0    0.0   0.0   0.0   0.0 0.048       0.0    0.0    0.0    0.0  0.000   0.0   0.0   0.0 0.045    0.109
206.0 26.27212  0.053525 -0.420517  0.291822 0.514645       0.0    0.0    0.0    0.0    0.0   0.0   0.0   0.0 0.095       0.0    0.0    0.0    0.0  0.000   0.0   0.0   0.0 0.103    0.217
207.0 26.48405 -0.005229 -0.354850  0.207026 0.410860       0.0    0.0    0.0    0.0    0.0   0.0   0.0   0.0 0.033       0.0    0.0    0.0    0.0  0.000   0.0   0.0   0.0 0.061    0.109
208.0 26.08854 -0.063983 -0.289183  0.122231 0.320407       0.0    0.0    0.0    0.0    0.0   0.0   0.0   0.0 0.078       0.0    0.0    0.0    0.0  0.000   0.0   0.0   0.0 0.071    0.167
209.0 27.02058 -0.059618 -0.159994 -0.057316 0.180104       0.0    0.0    0.0    0.0    0.0   0.0   0.0   0.0 0.005       0.0    0.0    0.0    0.0  0.000   0.0   0.0   0.0 0.024    0.049
210.0 26.87252 -0.118371 -0.094327 -0.142111 0.207617       0.0    0.0    0.0    0.0    0.0   0.0   0.0   0.0 0.073       0.0    0.0    0.0    0.0  0.000   0.0   0.0   0.0 0.078    0.165
211.0 26.75017 -0.177125 -0.028660 -0.226907 0.289277       0.0    0.0    0.0    0.0    0.0   0.0   0.0   0.0 0.060       0.0    0.0    0.0    0.0  0.000   0.0   0.0   0.0 0.054    0.130
212.0 26.45949  0.116644 -0.356994  0.197071 0.424132       0.0    0.0    0.0    0.0    0.0   0.0   0.0   0.0 0.045       0.0    0.0    0.0    0.0  0.000   0.0   0.0   0.0 0.103    0.164
213.0 26.43302  0.057890 -0.291328  0.112275 0.317535       0.0    0.0    0.0    0.0    0.0   0.0   0.0   0.0 0.056       0.0    0.0    0.0    0.0  0.000   0.0   0.0   0.0 0.079    0.153
214.0 26.40626 -0.000864 -0.225661  0.027480 0.227329       0.0    0.0    0.0    0.0    0.0   0.0   0.0   0.0 0.036       0.0    0.0    0.0    0.0  0.000   0.0   0.0   0.0 0.120    0.177