   ik    e(ev)        kx        ky        kz   abs(k)  AgDx2-y2  AgDxy  AgDxz  AgDyz  AgDz2  AgPx  AgPy  AgPz   AgS  AuDx2-y2  AuDxy  AuDxz  AuDyz  AuDz2  AuPx  AuPy  AuPz   AuS  |psi|^2
  1.0 27.66830  0.000000  0.000000  0.000000 0.000000       0.0    0.0    0.0    0.0    0.0   0.0   0.0   0.0 0.045       0.0    0.0    0.0    0.0    0.0   0.0   0.0   0.0 0.043    0.101
  2.0 27.87653 -0.058754  0.065667 -0.084796 0.122288       0.0    0.0    0.0    0.0    0.0   0.0   0.0   0.0 0.008       0.0    0.0    0.0    0.0    0.0   0.0   0.0   0.0 0.062    0.083
  3.0 27.46777 -0.117507  0.131334 -0.169591 0.244577       0.0    0.0    0.0    0.0    0.0   0.0   0.0   0.0 0.025       0.0    0.0    0.0    0.0    0.0   0.0   0.0   0.0 0.038    0.080
  4.0 27.17349  0.176261 -0.197001  0.254387 0.366865       0.0    0.0    0.0    0.0    0.0   0.0   0.0   0.0 0.035       0.0    0.0    0.0    0.0    0.0   0.0   0.0   0.0 0.016    0.071
  5.0 27.46777  0.117507 -0.131334  0.169591 0.244577       0.0    0.0    0.0    0.0    0.0   0.0   0.0   0.0 0.025       0.0    0.0    0.0    0.0    0.0   0.0   0.0   0.0 0.038    0.080
  6.0 27.87653  0.058754 -0.065667  0.084796 0.122288       0.0    0.0    0.0    0.0    0.0   0.0   0.0   0.0 0.008       0.0    0.0    0.0    0.0    0.0   0.0   0.0   0.0 0.062    0.083
  7.0 27.40823  0.063119  0.063522 -0.094751 0.130372       0.0    0.0    0.0    0.0    0.0   0.0   0.0   0.0 0.041       0.0    0.0    0.0    0.0    0.0   0.0   0.0   0.0 0.067    0.124
  8.0 26.97571  0.004365  0.129189 -0.179546 0.221237       0.0    0.0    0.0    0.0    0.0   0.0   0.0   0.0 0.049       0.0    0.0    0.0    0.0    0.0   0.0   0.0   0.0 0.032    0.101
  9.0 27.04089 -0.054389  0.194856 -0.264342 0.332872       0.0    0.0    0.0    0.0    0.0   0.0   0.0   0.0 0.018       0.0    0.0    0.0    0.0    0.0   0.0   0.0   0.0 0.033    0.069
 10.0 27.06554  0.239380 -0.133478  0.159636 0.317180       0.0    0.0    0.0    0.0    0.0   0.0   0.0   0.0 0.031       0.0    0.0    0.0    0.0    0.0   0.0   0.0   0.0 0.047    0.095
 11.0 27.87674  0.121873 -0.002145 -0.009955 0.122297       0.0    0.0    0.0    0.0    0.0   0.0   0.0   0.0 0.008       0.0    0.0    0.0    0.0    0.0   0.0   0.0   0.0 0.065    0.083
 12.0 26.91808  0.126238  0.127044 -0.189502 0.260744       0.0    0.0    0.0    0.0    0.0   0.0   0.0   0.0 0.042       0.0    0.0    0.0    0.0    0.0   0.0   0.0   0.0 0.142    0.206
 13.0 26.57550  0.067484  0.192711 -0.274297 0.341951       0.0    0.0    0.0    0.0    0.0   0.0   0.0   0.0 0.039       0.0    0.0    0.0    0.0    0.0   0.0   0.0   0.0 0.025    0.089
 14.0 27.08152  0.302499 -0.069956  0.064885 0.317190       0.0    0.0    0.0    0.0    0.0   0.0   0.0   0.0 0.035       0.0    0.0    0.0    0.0    0.0   0.0   0.0   0.0 0.051    0.102
 15.0 27.46067  0.243745 -0.004289 -0.019911 0.244595       0.0    0.0    0.0    0.0    0.0   0.0   0.0   0.0 0.026       0.0    0.0    0.0    0.0    0.0   0.0   0.0   0.0 0.036    0.079
 16.0 26.95944  0.184992  0.061378 -0.104706 0.221252       0.0    0.0    0.0    0.0    0.0   0.0   0.0   0.0 0.038       0.0    0.0    0.0    0.0    0.0   0.0   0.0   0.0 0.049    0.103
 17.0 27.00548 -0.189357 -0.190567  0.284253 0.391115       0.0    0.0    0.0    0.0    0.0   0.0   0.0   0.0 0.011       0.0    0.0    0.0    0.0    0.0   0.0   0.0   0.0 0.031    0.061
 18.0 26.60127 -0.248111 -0.124900  0.199457 0.341968       0.0    0.0    0.0    0.0    0.0   0.0   0.0   0.0 0.046       0.0    0.0    0.0    0.0    0.0   0.0   0.0   0.0 0.015    0.092
 19.0 27.04105 -0.306864 -0.059233  0.114662 0.332899       0.0    0.0    0.0    0.0    0.0   0.0   0.0   0.0 0.014       0.0    0.0    0.0    0.0    0.0   0.0   0.0   0.0 0.028    0.059
 20.0 27.15270 -0.013096 -0.387567  0.538639 0.663711       0.0    0.0    0.0    0.0    0.0   0.0   0.0   0.0 0.028       0.0    0.0    0.0    0.0    0.0   0.0   0.0   0.0 0.025    0.074
 21.0 27.04105 -0.071849 -0.321900  0.453844 0.561032       0.0    0.0    0.0    0.0    0.0   0.0   0.0   0.0 0.014       0.0    0.0    0.0    0.0    0.0   0.0   0.0   0.0 0.028    0.059
 22.0 26.60127 -0.130603 -0.256234  0.369048 0.467878       0.0    0.0    0.0    0.0    0.0   0.0   0.0   0.0 0.046       0.0    0.0    0.0    0.0    0.0   0.0   0.0   0.0 0.015    0.092
 23.0 26.91808 -0.126238 -0.127044  0.189502 0.260744       0.0    0.0    0.0    0.0    0.0   0.0   0.0   0.0 0.042       0.0    0.0    0.0    0.0    0.0   0.0   0.0   0.0 0.142    0.206
 24.0 26.95944 -0.184992 -0.061378  0.104706 0.221252       0.0    0.0    0.0    0.0    0.0   0.0   0.0   0.0 0.038       0.0    0.0    0.0    0.0    0.0   0.0   0.0   0.0 0.049    0.103
 25.0 27.46067 -0.243745  0.004289  0.019911 0.244595       0.0    0.0    0.0    0.0    0.0   0.0   0.0   0.0 0.026       0.0    0.0    0.0    0.0    0.0   0.0   0.0   0.0 0.036    0.079
 26.0 27.08152  0.050023 -0.324045  0.443889 0.551856       0.0    0.0    0.0    0.0    0.0   0.0   0.0   0.0 0.035       0.0    0.0    0.0    0.0    0.0   0.0   0.0   0.0 0.051    0.102
 27.0 26.57550 -0.067484 -0.192711  0.274297 0.341951       0.0    0.0    0.0    0.0    0.0   0.0   0.0   0.0 0.039       0.0    0.0    0.0    0.0    0.0   0.0   0.0   0.0 0.025    0.089
 28.0 27.40823 -0.063119 -0.063522  0.094751 0.130372       0.0    0.0    0.0    0.0    0.0   0.0   0.0   0.0 0.041       0.0    0.0    0.0    0.0    0.0   0.0   0.0   0.0 0.067    0.124
 29.0 27.87674 -0.121873  0.002145  0.009955 0.122297       0.0    0.0    0.0    0.0    0.0   0.0   0.0   0.0 0.008       0.0    0.0    0.0    0.0    0.0   0.0   0.0   0.0 0.065    0.083
 30.0 27.06554  0.113142 -0.260523  0.349138 0.450078       0.0    0.0    0.0    0.0    0.0   0.0   0.0   0.0 0.031       0.0    0.0    0.0    0.0    0.0   0.0   0.0   0.0 0.047    0.095
 31.0 27.04089  0.054389 -0.194856  0.264342 0.332872       0.0    0.0    0.0    0.0    0.0   0.0   0.0   0.0 0.018       0.0    0.0    0.0    0.0    0.0   0.0   0.0   0.0 0.033    0.069
 32.0 26.97571 -0.004365 -0.129189  0.179546 0.221237       0.0    0.0    0.0    0.0    0.0   0.0   0.0   0.0 0.049       0.0    0.0    0.0    0.0    0.0   0.0   0.0   0.0 0.032    0.101
 33.0 27.72846 -0.003501  0.096472  0.152067 0.180120       0.0    0.0    0.0    0.0    0.0   0.0   0.0   0.0 0.022       0.0    0.0    0.0    0.0    0.0   0.0   0.0   0.0 0.061    0.097
 34.0 27.20419 -0.062255  0.162138  0.067271 0.186253       0.0    0.0    0.0    0.0    0.0   0.0   0.0   0.0 0.043       0.0    0.0    0.0    0.0    0.0   0.0   0.0   0.0 0.043    0.099
 35.0 27.31655 -0.121009  0.227805 -0.017524 0.258545       0.0    0.0    0.0    0.0    0.0   0.0   0.0   0.0 0.039       0.0    0.0    0.0    0.0    0.0   0.0   0.0   0.0 0.127    0.182
 36.0 27.24446  0.172760 -0.100529  0.406453 0.452942       0.0    0.0    0.0    0.0    0.0   0.0   0.0   0.0 0.011       0.0    0.0    0.0    0.0    0.0   0.0   0.0   0.0 0.036    0.064
 37.0 27.24810  0.114006 -0.034862  0.321658 0.343040       0.0    0.0    0.0    0.0    0.0   0.0   0.0   0.0 0.003       0.0    0.0    0.0    0.0    0.0   0.0   0.0   0.0 0.005    0.032
 38.0 27.40703  0.055252  0.030805  0.236862 0.245164       0.0    0.0    0.0    0.0    0.0   0.0   0.0   0.0 0.039       0.0    0.0    0.0    0.0    0.0   0.0   0.0   0.0 0.053    0.107
 39.0 27.72957  0.059618  0.159994  0.057316 0.180104       0.0    0.0    0.0    0.0    0.0   0.0   0.0   0.0 0.025       0.0    0.0    0.0    0.0    0.0   0.0   0.0   0.0 0.060    0.101
 40.0 26.94387  0.000864  0.225661 -0.027480 0.227329       0.0    0.0    0.0    0.0    0.0   0.0   0.0   0.0 0.036       0.0    0.0    0.0    0.0    0.0   0.0   0.0   0.0 0.042    0.091
 41.0 26.92892 -0.057890  0.291328 -0.112275 0.317535       0.0    0.0    0.0    0.0    0.0   0.0   0.0   0.0 0.077       0.0    0.0    0.0    0.0    0.0   0.0   0.0   0.0 0.097    0.188
 42.0 26.67822  0.235879 -0.037007  0.311703 0.392641       0.0    0.0    0.0    0.0    0.0   0.0   0.0   0.0 0.096       0.0    0.0    0.0    0.0    0.0   0.0   0.0   0.0 0.056    0.170
 43.0 27.25251  0.177125  0.028660  0.226907 0.289277       0.0    0.0    0.0    0.0    0.0   0.0   0.0   0.0 0.009       0.0    0.0    0.0    0.0    0.0   0.0   0.0   0.0 0.034    0.060
 44.0 27.22753  0.122736  0.223516 -0.037435 0.257731       0.0    0.0    0.0    0.0    0.0   0.0   0.0   0.0 0.020       0.0    0.0    0.0    0.0    0.0   0.0   0.0   0.0 0.028    0.074
 45.0 27.01356  0.063983  0.289183 -0.122231 0.320407       0.0    0.0    0.0    0.0    0.0   0.0   0.0   0.0 0.054       0.0    0.0    0.0    0.0    0.0   0.0   0.0   0.0 0.042    0.119
 46.0 27.08707  0.005229  0.354850 -0.207026 0.410860       0.0    0.0    0.0    0.0    0.0   0.0   0.0   0.0 0.037       0.0    0.0    0.0    0.0    0.0   0.0   0.0   0.0 0.068    0.122
 47.0 26.77784  0.298998  0.026515  0.216952 0.370366       0.0    0.0    0.0    0.0    0.0   0.0   0.0   0.0 0.061       0.0    0.0    0.0    0.0    0.0   0.0   0.0   0.0 0.079    0.158
 48.0 27.25312  0.240244  0.092182  0.132156 0.289275       0.0    0.0    0.0    0.0    0.0   0.0   0.0   0.0 0.006       0.0    0.0    0.0    0.0    0.0   0.0   0.0   0.0 0.030    0.054
 49.0 27.40436  0.181490  0.157849  0.047361 0.245149       0.0    0.0    0.0    0.0    0.0   0.0   0.0   0.0 0.038       0.0    0.0    0.0    0.0    0.0   0.0   0.0   0.0 0.054    0.104
 50.0 26.39348 -0.192858 -0.094095  0.436319 0.486233       0.0    0.0    0.0    0.0    0.0   0.0   0.0   0.0 0.046       0.0    0.0    0.0    0.0    0.0   0.0   0.0   0.0 0.039    0.110
 51.0 26.89535 -0.251612 -0.028428  0.351524 0.433227       0.0    0.0    0.0    0.0    0.0   0.0   0.0   0.0 0.029       0.0    0.0    0.0    0.0    0.0   0.0   0.0   0.0 0.020    0.076
 52.0 27.07348 -0.310366  0.037239  0.266728 0.410923       0.0    0.0    0.0    0.0    0.0   0.0   0.0   0.0 0.055       0.0    0.0    0.0    0.0    0.0   0.0   0.0   0.0 0.078    0.146
 53.0 26.67918 -0.016597 -0.291096  0.690706 0.749725       0.0    0.0    0.0    0.0    0.0   0.0   0.0   0.0 0.090       0.0    0.0    0.0    0.0    0.0   0.0   0.0   0.0 0.037    0.149
 54.0 27.25087 -0.075351 -0.225429  0.605911 0.650864       0.0    0.0    0.0    0.0    0.0   0.0   0.0   0.0 0.005       0.0    0.0    0.0    0.0    0.0   0.0   0.0   0.0 0.010    0.034
 55.0 27.08608 -0.134104 -0.159762  0.521115 0.561310       0.0    0.0    0.0    0.0    0.0   0.0   0.0   0.0 0.035       0.0    0.0    0.0    0.0    0.0   0.0   0.0   0.0 0.062    0.112
 56.0 26.39344 -0.129739 -0.030573  0.341569 0.366655       0.0    0.0    0.0    0.0    0.0   0.0   0.0   0.0 0.053       0.0    0.0    0.0    0.0    0.0   0.0   0.0   0.0 0.046    0.117
 57.0 27.00418 -0.188493  0.035094  0.256773 0.320458       0.0    0.0    0.0    0.0    0.0   0.0   0.0   0.0 0.061       0.0    0.0    0.0    0.0    0.0   0.0   0.0   0.0 0.048    0.129
 58.0 26.91182 -0.247247  0.100761  0.171977 0.317585       0.0    0.0    0.0    0.0    0.0   0.0   0.0   0.0 0.062       0.0    0.0    0.0    0.0    0.0   0.0   0.0   0.0 0.100    0.174
 59.0 27.23230  0.046522 -0.227573  0.595955 0.639622       0.0    0.0    0.0    0.0    0.0   0.0   0.0   0.0 0.011       0.0    0.0    0.0    0.0    0.0   0.0   0.0   0.0 0.036    0.065
 60.0 26.95756 -0.012232 -0.161907  0.511160 0.536328       0.0    0.0    0.0    0.0    0.0   0.0   0.0   0.0 0.062       0.0    0.0    0.0    0.0    0.0   0.0   0.0   0.0 0.081    0.160
 61.0 27.24006 -0.066620  0.032949  0.246818 0.257765       0.0    0.0    0.0    0.0    0.0   0.0   0.0   0.0 0.028       0.0    0.0    0.0    0.0    0.0   0.0   0.0   0.0 0.028    0.078
 62.0 26.96039 -0.125374  0.098616  0.162022 0.227365       0.0    0.0    0.0    0.0    0.0   0.0   0.0   0.0 0.043       0.0    0.0    0.0    0.0    0.0   0.0   0.0   0.0 0.038    0.097
 63.0 27.30710 -0.184128  0.164283  0.077227 0.258565       0.0    0.0    0.0    0.0    0.0   0.0   0.0   0.0 0.033       0.0    0.0    0.0    0.0    0.0   0.0   0.0   0.0 0.129    0.183
 64.0 27.09882  0.109641 -0.164051  0.501204 0.538646       0.0    0.0    0.0    0.0    0.0   0.0   0.0   0.0 0.017       0.0    0.0    0.0    0.0    0.0   0.0   0.0   0.0 0.071    0.100
 65.0 26.94113  0.050887 -0.098384  0.416409 0.430889       0.0    0.0    0.0    0.0    0.0   0.0   0.0   0.0 0.071       0.0    0.0    0.0    0.0    0.0   0.0   0.0   0.0 0.100    0.184
 66.0 27.08468 -0.007867 -0.032717  0.331613 0.333316       0.0    0.0    0.0    0.0    0.0   0.0   0.0   0.0 0.039       0.0    0.0    0.0    0.0    0.0   0.0   0.0   0.0 0.050    0.106
 67.0 27.26838 -0.007003  0.192943  0.304134 0.360241       0.0    0.0    0.0    0.0    0.0   0.0   0.0   0.0 0.008       0.0    0.0    0.0    0.0    0.0   0.0   0.0   0.0 0.067    0.087
 68.0 26.76772 -0.065757  0.258610  0.219338 0.345416       0.0    0.0    0.0    0.0    0.0   0.0   0.0   0.0 0.085       0.0    0.0    0.0    0.0    0.0   0.0   0.0   0.0 0.104    0.208
 69.0 26.56186 -0.124510  0.324277  0.134542 0.372505       0.0    0.0    0.0    0.0    0.0   0.0   0.0   0.0 0.075       0.0    0.0    0.0    0.0    0.0   0.0   0.0   0.0 0.074    0.164
 70.0 26.33897  0.169258 -0.004057  0.558520 0.583618       0.0    0.0    0.0    0.0    0.0   0.0   0.0   0.0 0.109       0.0    0.0    0.0    0.0    0.0   0.0   0.0   0.0 0.055    0.185
 71.0 26.82933  0.110505  0.061609  0.473725 0.490329       0.0    0.0    0.0    0.0    0.0   0.0   0.0   0.0 0.022       0.0    0.0    0.0    0.0    0.0   0.0   0.0   0.0 0.033    0.075
 72.0 27.16791  0.051751  0.127276  0.388929 0.412484       0.0    0.0    0.0    0.0    0.0   0.0   0.0   0.0 0.034       0.0    0.0    0.0    0.0    0.0   0.0   0.0   0.0 0.068    0.119
 73.0 27.56859  0.056116  0.256465  0.209383 0.335804       0.0    0.0    0.0    0.0    0.0   0.0   0.0   0.0 0.002       0.0    0.0    0.0    0.0    0.0   0.0   0.0   0.0 0.001    0.022
 74.0 26.78846 -0.002638  0.322132  0.124587 0.345396       0.0    0.0    0.0    0.0    0.0   0.0   0.0   0.0 0.085       0.0    0.0    0.0    0.0    0.0   0.0   0.0   0.0 0.089    0.192
 75.0 26.54679 -0.061391  0.387799  0.039791 0.394640       0.0    0.0    0.0    0.0    0.0   0.0   0.0   0.0 0.094       0.0    0.0    0.0    0.0    0.0   0.0   0.0   0.0 0.059    0.173
 76.0 26.79054  0.232377  0.059465  0.463769 0.522128       0.0    0.0    0.0    0.0    0.0   0.0   0.0   0.0 0.035       0.0    0.0    0.0    0.0    0.0   0.0   0.0   0.0 0.025    0.082
 77.0 26.95705  0.173624  0.125132  0.378974 0.435229       0.0    0.0    0.0    0.0    0.0   0.0   0.0   0.0 0.032       0.0    0.0    0.0    0.0    0.0   0.0   0.0   0.0 0.055    0.100
 78.0 26.94373  0.114870  0.190799  0.294178 0.368972       0.0    0.0    0.0    0.0    0.0   0.0   0.0   0.0 0.032       0.0    0.0    0.0    0.0    0.0   0.0   0.0   0.0 0.034    0.082
 79.0 27.27033  0.119235  0.319988  0.114632 0.360208       0.0    0.0    0.0    0.0    0.0   0.0   0.0   0.0 0.010       0.0    0.0    0.0    0.0    0.0   0.0   0.0   0.0 0.066    0.087
 80.0 26.98740  0.060481  0.385655  0.029836 0.391507       0.0    0.0    0.0    0.0    0.0   0.0   0.0   0.0 0.075       0.0    0.0    0.0    0.0    0.0   0.0   0.0   0.0 0.042    0.134
 81.0 26.74754  0.001728  0.451321 -0.054959 0.454659       0.0    0.0    0.0    0.0    0.0   0.0   0.0   0.0 0.049       0.0    0.0    0.0    0.0    0.0   0.0   0.0   0.0 0.052    0.120
 82.0 26.71997  0.295496  0.122987  0.369018 0.488486       0.0    0.0    0.0    0.0    0.0   0.0   0.0   0.0 0.033       0.0    0.0    0.0    0.0    0.0   0.0   0.0   0.0 0.029    0.085
 83.0 26.59854  0.236743  0.188654  0.284223 0.415235       0.0    0.0    0.0    0.0    0.0   0.0   0.0   0.0 0.078       0.0    0.0    0.0    0.0    0.0   0.0   0.0   0.0 0.036    0.135
 84.0 26.92845  0.177989  0.254321  0.199427 0.368958       0.0    0.0    0.0    0.0    0.0   0.0   0.0   0.0 0.021       0.0    0.0    0.0    0.0    0.0   0.0   0.0   0.0 0.035    0.073
 85.0 26.70031 -0.196360  0.002377  0.588386 0.620291       0.0    0.0    0.0    0.0    0.0   0.0   0.0   0.0 0.085       0.0    0.0    0.0    0.0    0.0   0.0   0.0   0.0 0.060    0.164
 86.0 26.79096 -0.255113  0.068043  0.503591 0.568609       0.0    0.0    0.0    0.0    0.0   0.0   0.0   0.0 0.054       0.0    0.0    0.0    0.0    0.0   0.0   0.0   0.0 0.056    0.130
 87.0 26.91180 -0.313867  0.133710  0.418795 0.540167       0.0    0.0    0.0    0.0    0.0   0.0   0.0   0.0 0.040       0.0    0.0    0.0    0.0    0.0   0.0   0.0   0.0 0.019    0.083
 88.0 26.72182 -0.020098 -0.194624  0.842773 0.865187       0.0    0.0    0.0    0.0    0.0   0.0   0.0   0.0 0.031       0.0    0.0    0.0    0.0    0.0   0.0   0.0   0.0 0.031    0.084
 89.0 26.92546 -0.078852 -0.128957  0.757977 0.772902       0.0    0.0    0.0    0.0    0.0   0.0   0.0   0.0 0.036       0.0    0.0    0.0    0.0    0.0   0.0   0.0   0.0 0.053    0.107
 90.0 27.15415 -0.137606 -0.063290  0.673182 0.690011       0.0    0.0    0.0    0.0    0.0   0.0   0.0   0.0 0.031       0.0    0.0    0.0    0.0    0.0   0.0   0.0   0.0 0.075    0.114
 91.0 26.92727 -0.133241  0.065899  0.493635 0.515530       0.0    0.0    0.0    0.0    0.0   0.0   0.0   0.0 0.070       0.0    0.0    0.0    0.0    0.0   0.0   0.0   0.0 0.067    0.158
 92.0 26.79580 -0.191994  0.131566  0.408840 0.470448       0.0    0.0    0.0    0.0    0.0   0.0   0.0   0.0 0.033       0.0    0.0    0.0    0.0    0.0   0.0   0.0   0.0 0.058    0.114
 93.0 26.77230 -0.250748  0.197233  0.324044 0.454731       0.0    0.0    0.0    0.0    0.0   0.0   0.0   0.0 0.066       0.0    0.0    0.0    0.0    0.0   0.0   0.0   0.0 0.056    0.137
 94.0 26.78657  0.043021 -0.131102  0.748022 0.760641       0.0    0.0    0.0    0.0    0.0   0.0   0.0   0.0 0.029       0.0    0.0    0.0    0.0    0.0   0.0   0.0   0.0 0.027    0.081
 95.0 26.82383 -0.015733 -0.065435  0.663226 0.666632       0.0    0.0    0.0    0.0    0.0   0.0   0.0   0.0 0.032       0.0    0.0    0.0    0.0    0.0   0.0   0.0   0.0 0.037    0.091
 96.0 27.00092 -0.074487  0.000232  0.578431 0.583207       0.0    0.0    0.0    0.0    0.0   0.0   0.0   0.0 0.010       0.0    0.0    0.0    0.0    0.0   0.0   0.0   0.0 0.046    0.077
 97.0 26.67571 -0.070122  0.129421  0.398884 0.425177       0.0    0.0    0.0    0.0    0.0   0.0   0.0   0.0 0.090       0.0    0.0    0.0    0.0    0.0   0.0   0.0   0.0 0.066    0.177
 98.0 26.98999 -0.128875  0.195088  0.314089 0.391561       0.0    0.0    0.0    0.0    0.0   0.0   0.0   0.0 0.058       0.0    0.0    0.0    0.0    0.0   0.0   0.0   0.0 0.047    0.119
 99.0 26.57151 -0.187629  0.260755  0.229293 0.394681       0.0    0.0    0.0    0.0    0.0   0.0   0.0   0.0 0.106       0.0    0.0    0.0    0.0    0.0   0.0   0.0   0.0 0.045    0.175
100.0 26.29091  0.106139 -0.067580  0.653271 0.665279       0.0    0.0    0.0    0.0    0.0   0.0   0.0   0.0 0.108       0.0    0.0    0.0    0.0    0.0   0.0   0.0   0.0 0.068    0.197
101.0 27.00230 -0.011368  0.063754  0.483680 0.487996       0.0    0.0    0.0    0.0    0.0   0.0   0.0   0.0 0.012       0.0    0.0    0.0    0.0    0.0   0.0   0.0   0.0 0.055    0.085
102.0 27.12556  0.010504 -0.289415 -0.456200 0.540361       0.0    0.0    0.0    0.0    0.0   0.0   0.0   0.0 0.058       0.0    0.0    0.0    0.0    0.0   0.0   0.0   0.0 0.130    0.204
103.0 26.87971 -0.048250 -0.223748 -0.540996 0.587425       0.0    0.0    0.0    0.0    0.0   0.0   0.0   0.0 0.025       0.0    0.0    0.0    0.0    0.0   0.0   0.0   0.0 0.058    0.104
104.0 27.04926 -0.107003 -0.158081 -0.625791 0.654259       0.0    0.0    0.0    0.0    0.0   0.0   0.0   0.0 0.013       0.0    0.0    0.0    0.0    0.0   0.0   0.0   0.0 0.039    0.073
105.0 27.21179  0.186765 -0.486415 -0.201814 0.558758       0.0    0.0    0.0    0.0    0.0   0.0   0.0   0.0 0.008       0.0    0.0    0.0    0.0    0.0   0.0   0.0   0.0 0.045    0.067
106.0 27.04926  0.128012 -0.420749 -0.286609 0.524939       0.0    0.0    0.0    0.0    0.0   0.0   0.0   0.0 0.013       0.0    0.0    0.0    0.0    0.0   0.0   0.0   0.0 0.039    0.073
107.0 26.87971  0.069258 -0.355082 -0.371405 0.518480       0.0    0.0    0.0    0.0    0.0   0.0   0.0   0.0 0.025       0.0    0.0    0.0    0.0    0.0   0.0   0.0   0.0 0.058    0.104
108.0 26.65623  0.073623 -0.225893 -0.550951 0.599996       0.0    0.0    0.0    0.0    0.0   0.0   0.0   0.0 0.036       0.0    0.0    0.0    0.0    0.0   0.0   0.0   0.0 0.098    0.151
109.0 26.76720  0.014869 -0.160226 -0.635747 0.655795       0.0    0.0    0.0    0.0    0.0   0.0   0.0   0.0 0.055       0.0    0.0    0.0    0.0    0.0   0.0   0.0   0.0 0.097    0.171
110.0 27.04573 -0.043884 -0.094559 -0.720542 0.728044       0.0    0.0    0.0    0.0    0.0   0.0   0.0   0.0 0.016       0.0    0.0    0.0    0.0    0.0   0.0   0.0   0.0 0.032    0.069
111.0 26.68073  0.249884 -0.422893 -0.296564 0.573787       0.0    0.0    0.0    0.0    0.0   0.0   0.0   0.0 0.019       0.0    0.0    0.0    0.0    0.0   0.0   0.0   0.0 0.112    0.148
112.0 27.01011  0.191131 -0.357226 -0.381360 0.556397       0.0    0.0    0.0    0.0    0.0   0.0   0.0   0.0 0.032       0.0    0.0    0.0    0.0    0.0   0.0   0.0   0.0 0.076    0.121
113.0 26.93270  0.132377 -0.291560 -0.466156 0.565537       0.0    0.0    0.0    0.0    0.0   0.0   0.0   0.0 0.033       0.0    0.0    0.0    0.0    0.0   0.0   0.0   0.0 0.063    0.108
114.0 26.67117  0.136742 -0.162370 -0.645702 0.679701       0.0    0.0    0.0    0.0    0.0   0.0   0.0   0.0 0.043       0.0    0.0    0.0    0.0    0.0   0.0   0.0   0.0 0.057    0.119
115.0 26.86254  0.077988 -0.096704 -0.730498 0.740986       0.0    0.0    0.0    0.0    0.0   0.0   0.0   0.0 0.026       0.0    0.0    0.0    0.0    0.0   0.0   0.0   0.0 0.068    0.115
116.0 26.98487  0.019235 -0.031037 -0.815293 0.816110       0.0    0.0    0.0    0.0    0.0   0.0   0.0   0.0 0.023       0.0    0.0    0.0    0.0    0.0   0.0   0.0   0.0 0.080    0.116
117.0 26.45980  0.254250 -0.293704 -0.476111 0.614481       0.0    0.0    0.0    0.0    0.0   0.0   0.0   0.0 0.112       0.0    0.0    0.0    0.0    0.0   0.0   0.0   0.0 0.055    0.182
118.0 26.55965  0.195496 -0.228037 -0.560907 0.636267       0.0    0.0    0.0    0.0    0.0   0.0   0.0   0.0 0.055       0.0    0.0    0.0    0.0    0.0   0.0   0.0   0.0 0.058    0.128
119.0 27.12766 -0.178853 -0.479981 -0.171948 0.540311       0.0    0.0    0.0    0.0    0.0   0.0   0.0   0.0 0.058       0.0    0.0    0.0    0.0    0.0   0.0   0.0   0.0 0.128    0.205
120.0 26.93905 -0.237606 -0.414315 -0.256743 0.542246       0.0    0.0    0.0    0.0    0.0   0.0   0.0   0.0 0.014       0.0    0.0    0.0    0.0    0.0   0.0   0.0   0.0 0.057    0.084
121.0 26.48294 -0.296360 -0.348648 -0.341539 0.570993       0.0    0.0    0.0    0.0    0.0   0.0   0.0   0.0 0.115       0.0    0.0    0.0    0.0    0.0   0.0   0.0   0.0 0.043    0.178
122.0 26.99532 -0.002591 -0.676982  0.082439 0.681988       0.0    0.0    0.0    0.0    0.0   0.0   0.0   0.0 0.019       0.0    0.0    0.0    0.0    0.0   0.0   0.0   0.0 0.024    0.062
123.0 26.48294 -0.061345 -0.611315 -0.002356 0.614390       0.0    0.0    0.0    0.0    0.0   0.0   0.0   0.0 0.115       0.0    0.0    0.0    0.0    0.0   0.0   0.0   0.0 0.043    0.178
124.0 26.93905 -0.120099 -0.545648 -0.087152 0.565466       0.0    0.0    0.0    0.0    0.0   0.0   0.0   0.0 0.014       0.0    0.0    0.0    0.0    0.0   0.0   0.0   0.0 0.057    0.084
125.0 26.67117 -0.115734 -0.416459 -0.266698 0.507898       0.0    0.0    0.0    0.0    0.0   0.0   0.0   0.0 0.043       0.0    0.0    0.0    0.0    0.0   0.0   0.0   0.0 0.057    0.119
126.0 26.55965 -0.174487 -0.350792 -0.351494 0.526355       0.0    0.0    0.0    0.0    0.0   0.0   0.0   0.0 0.055       0.0    0.0    0.0    0.0    0.0   0.0   0.0   0.0 0.058    0.128
127.0 26.45980 -0.233241 -0.285125 -0.436290 0.571005       0.0    0.0    0.0    0.0    0.0   0.0   0.0   0.0 0.112       0.0    0.0    0.0    0.0    0.0   0.0   0.0   0.0 0.055    0.182
128.0 26.98487  0.001774 -0.547793 -0.097107 0.556336       0.0    0.0    0.0    0.0    0.0   0.0   0.0   0.0 0.023       0.0    0.0    0.0    0.0    0.0   0.0   0.0   0.0 0.080    0.116
129.0 26.86254 -0.056980 -0.482126 -0.181903 0.518441       0.0    0.0    0.0    0.0    0.0   0.0   0.0   0.0 0.026       0.0    0.0    0.0    0.0    0.0   0.0   0.0   0.0 0.068    0.115
130.0 26.65623 -0.052615 -0.352937 -0.361449 0.507916       0.0    0.0    0.0    0.0    0.0   0.0   0.0   0.0 0.036       0.0    0.0    0.0    0.0    0.0   0.0   0.0   0.0 0.098    0.151
131.0 26.93270 -0.111368 -0.287270 -0.446245 0.542274       0.0    0.0    0.0    0.0    0.0   0.0   0.0   0.0 0.033       0.0    0.0    0.0    0.0    0.0   0.0   0.0   0.0 0.063    0.108
132.0 27.01011 -0.170122 -0.221603 -0.531040 0.600045       0.0    0.0    0.0    0.0    0.0   0.0   0.0   0.0 0.032       0.0    0.0    0.0    0.0    0.0   0.0   0.0   0.0 0.076    0.121
133.0 26.68073  0.123647 -0.549938 -0.107063 0.573744       0.0    0.0    0.0    0.0    0.0   0.0   0.0   0.0 0.019       0.0    0.0    0.0    0.0    0.0   0.0   0.0   0.0 0.112    0.148
134.0 27.04573  0.064893 -0.484271 -0.191858 0.524918       0.0    0.0    0.0    0.0    0.0   0.0   0.0   0.0 0.016       0.0    0.0    0.0    0.0    0.0   0.0   0.0   0.0 0.032    0.069
135.0 26.76720  0.006139 -0.418604 -0.276654 0.501801       0.0    0.0    0.0    0.0    0.0   0.0   0.0   0.0 0.055       0.0    0.0    0.0    0.0    0.0   0.0   0.0   0.0 0.097    0.171
136.0 27.26838  0.007003 -0.192943 -0.304134 0.360241       0.0    0.0    0.0    0.0    0.0   0.0   0.0   0.0 0.008       0.0    0.0    0.0    0.0    0.0   0.0   0.0   0.0 0.067    0.087
137.0 27.16791 -0.051751 -0.127276 -0.388929 0.412484       0.0    0.0    0.0    0.0    0.0   0.0   0.0   0.0 0.034       0.0    0.0    0.0    0.0    0.0   0.0   0.0   0.0 0.068    0.119
138.0 26.82933 -0.110505 -0.061609 -0.473725 0.490329       0.0    0.0    0.0    0.0    0.0   0.0   0.0   0.0 0.022       0.0    0.0    0.0    0.0    0.0   0.0   0.0   0.0 0.033    0.075
139.0 26.33897  0.183264 -0.389944 -0.049747 0.433724       0.0    0.0    0.0    0.0    0.0   0.0   0.0   0.0 0.109       0.0    0.0    0.0    0.0    0.0   0.0   0.0   0.0 0.055    0.185
140.0 26.56186  0.124510 -0.324277 -0.134542 0.372505       0.0    0.0    0.0    0.0    0.0   0.0   0.0   0.0 0.075       0.0    0.0    0.0    0.0    0.0   0.0   0.0   0.0 0.074    0.164
141.0 26.76772  0.065757 -0.258610 -0.219338 0.345416       0.0    0.0    0.0    0.0    0.0   0.0   0.0   0.0 0.085       0.0    0.0    0.0    0.0    0.0   0.0   0.0   0.0 0.104    0.208
142.0 26.67571  0.070122 -0.129421 -0.398884 0.425177       0.0    0.0    0.0    0.0    0.0   0.0   0.0   0.0 0.090       0.0    0.0    0.0    0.0    0.0   0.0   0.0   0.0 0.066    0.177
143.0 27.00230  0.011368 -0.063754 -0.483680 0.487996       0.0    0.0    0.0    0.0    0.0   0.0   0.0   0.0 0.012       0.0    0.0    0.0    0.0    0.0   0.0   0.0   0.0 0.055    0.085
144.0 26.29091  0.246383 -0.326422 -0.144498 0.433746       0.0    0.0    0.0    0.0    0.0   0.0   0.0   0.0 0.108       0.0    0.0    0.0    0.0    0.0   0.0   0.0   0.0 0.068    0.197
145.0 26.57151  0.187629 -0.260755 -0.229293 0.394681       0.0    0.0    0.0    0.0    0.0   0.0   0.0   0.0 0.106       0.0    0.0    0.0    0.0    0.0   0.0   0.0   0.0 0.045    0.175
146.0 26.98999  0.128875 -0.195088 -0.314089 0.391561       0.0    0.0    0.0    0.0    0.0   0.0   0.0   0.0 0.058       0.0    0.0    0.0    0.0    0.0   0.0   0.0   0.0 0.047    0.119
147.0 26.92727  0.133241 -0.065899 -0.493635 0.515530       0.0    0.0    0.0    0.0    0.0   0.0   0.0   0.0 0.070       0.0    0.0    0.0    0.0    0.0   0.0   0.0   0.0 0.067    0.158
148.0 27.00092  0.074487 -0.000232 -0.578431 0.583207       0.0    0.0    0.0    0.0    0.0   0.0   0.0   0.0 0.010       0.0    0.0    0.0    0.0    0.0   0.0   0.0   0.0 0.046    0.077
149.0 26.82383  0.015733  0.065435 -0.663226 0.666632       0.0    0.0    0.0    0.0    0.0   0.0   0.0   0.0 0.032       0.0    0.0    0.0    0.0    0.0   0.0   0.0   0.0 0.037    0.091
150.0 26.78657  0.309502 -0.262899 -0.239249 0.471325       0.0    0.0    0.0    0.0    0.0   0.0   0.0   0.0 0.029       0.0    0.0    0.0    0.0    0.0   0.0   0.0   0.0 0.027    0.081
151.0 26.77230  0.250748 -0.197233 -0.324044 0.454731       0.0    0.0    0.0    0.0    0.0   0.0   0.0   0.0 0.066       0.0    0.0    0.0    0.0    0.0   0.0   0.0   0.0 0.056    0.137
152.0 26.79580  0.191994 -0.131566 -0.408840 0.470448       0.0    0.0    0.0    0.0    0.0   0.0   0.0   0.0 0.033       0.0    0.0    0.0    0.0    0.0   0.0   0.0   0.0 0.058    0.114
153.0 26.70031 -0.182354 -0.383510 -0.019881 0.425121       0.0    0.0    0.0    0.0    0.0   0.0   0.0   0.0 0.085       0.0    0.0    0.0    0.0    0.0   0.0   0.0   0.0 0.060    0.164
154.0 27.15415 -0.241108 -0.317843 -0.104676 0.412449       0.0    0.0    0.0    0.0    0.0   0.0   0.0   0.0 0.031       0.0    0.0    0.0    0.0    0.0   0.0   0.0   0.0 0.075    0.114
155.0 26.92546 -0.299862 -0.252176 -0.189472 0.435212       0.0    0.0    0.0    0.0    0.0   0.0   0.0   0.0 0.036       0.0    0.0    0.0    0.0    0.0   0.0   0.0   0.0 0.053    0.107
156.0 26.72182 -0.006093 -0.580511  0.234506 0.626117       0.0    0.0    0.0    0.0    0.0   0.0   0.0   0.0 0.031       0.0    0.0    0.0    0.0    0.0   0.0   0.0   0.0 0.031    0.084
157.0 26.91180 -0.064847 -0.514844  0.149710 0.540076       0.0    0.0    0.0    0.0    0.0   0.0   0.0   0.0 0.040       0.0    0.0    0.0    0.0    0.0   0.0   0.0   0.0 0.019    0.083
158.0 26.79096 -0.123600 -0.449177  0.064915 0.470373       0.0    0.0    0.0    0.0    0.0   0.0   0.0   0.0 0.054       0.0    0.0    0.0    0.0    0.0   0.0   0.0   0.0 0.056    0.130
159.0 27.27033 -0.119235 -0.319988 -0.114632 0.360208       0.0    0.0    0.0    0.0    0.0   0.0   0.0   0.0 0.010       0.0    0.0    0.0    0.0    0.0   0.0   0.0   0.0 0.066    0.087
160.0 26.92845 -0.177989 -0.254321 -0.199427 0.368958       0.0    0.0    0.0    0.0    0.0   0.0   0.0   0.0 0.021       0.0    0.0    0.0    0.0    0.0   0.0   0.0   0.0 0.035    0.073
161.0 26.59854 -0.236743 -0.188654 -0.284223 0.415235       0.0    0.0    0.0    0.0    0.0   0.0   0.0   0.0 0.078       0.0    0.0    0.0    0.0    0.0   0.0   0.0   0.0 0.036    0.135
162.0 26.71997  0.057026 -0.516988  0.139755 0.538573       0.0    0.0    0.0    0.0    0.0   0.0   0.0   0.0 0.033       0.0    0.0    0.0    0.0    0.0   0.0   0.0   0.0 0.029    0.085
163.0 26.74754 -0.001728 -0.451321  0.054959 0.454659       0.0    0.0    0.0    0.0    0.0   0.0   0.0   0.0 0.049       0.0    0.0    0.0    0.0    0.0   0.0   0.0   0.0 0.052    0.120
164.0 26.98740 -0.060481 -0.385655 -0.029836 0.391507       0.0    0.0    0.0    0.0    0.0   0.0   0.0   0.0 0.075       0.0    0.0    0.0    0.0    0.0   0.0   0.0   0.0 0.042    0.134
165.0 27.56859 -0.056116 -0.256465 -0.209383 0.335804       0.0    0.0    0.0    0.0    0.0   0.0   0.0   0.0 0.002       0.0    0.0    0.0    0.0    0.0   0.0   0.0   0.0 0.001    0.022
166.0 26.94373 -0.114870 -0.190799 -0.294178 0.368972       0.0    0.0    0.0    0.0    0.0   0.0   0.0   0.0 0.032       0.0    0.0    0.0    0.0    0.0   0.0   0.0   0.0 0.034    0.082
167.0 26.95705 -0.173624 -0.125132 -0.378974 0.435229       0.0    0.0    0.0    0.0    0.0   0.0   0.0   0.0 0.032       0.0    0.0    0.0    0.0    0.0   0.0   0.0   0.0 0.055    0.100
168.0 26.79054  0.120145 -0.453466  0.045004 0.471266       0.0    0.0    0.0    0.0    0.0   0.0   0.0   0.0 0.035       0.0    0.0    0.0    0.0    0.0   0.0   0.0   0.0 0.025    0.082
169.0 26.54679  0.061391 -0.387799 -0.039791 0.394640       0.0    0.0    0.0    0.0    0.0   0.0   0.0   0.0 0.094       0.0    0.0    0.0    0.0    0.0   0.0   0.0   0.0 0.059    0.173
170.0 26.78846  0.002638 -0.322132 -0.124587 0.345396       0.0    0.0    0.0    0.0    0.0   0.0   0.0   0.0 0.085       0.0    0.0    0.0    0.0    0.0   0.0   0.0   0.0 0.089    0.192
171.0 27.72846  0.003501 -0.096472 -0.152067 0.180120       0.0    0.0    0.0    0.0    0.0   0.0   0.0   0.0 0.022       0.0    0.0    0.0    0.0    0.0   0.0   0.0   0.0 0.061    0.097
172.0 27.40703 -0.055252 -0.030805 -0.236862 0.245164       0.0    0.0    0.0    0.0    0.0   0.0   0.0   0.0 0.039       0.0    0.0    0.0    0.0    0.0   0.0   0.0   0.0 0.053    0.107
173.0 27.24810 -0.114006  0.034862 -0.321658 0.343040       0.0    0.0    0.0    0.0    0.0   0.0   0.0   0.0 0.003       0.0    0.0    0.0    0.0    0.0   0.0   0.0   0.0 0.005    0.032
174.0 27.24446  0.179763 -0.293472  0.102320 0.359040       0.0    0.0    0.0    0.0    0.0   0.0   0.0   0.0 0.011       0.0    0.0    0.0    0.0    0.0   0.0   0.0   0.0 0.036    0.064
175.0 27.31655  0.121009 -0.227805  0.017524 0.258545       0.0    0.0    0.0    0.0    0.0   0.0   0.0   0.0 0.039       0.0    0.0    0.0    0.0    0.0   0.0   0.0   0.0 0.127    0.182
176.0 27.20419  0.062255 -0.162138 -0.067271 0.186253       0.0    0.0    0.0    0.0    0.0   0.0   0.0   0.0 0.043       0.0    0.0    0.0    0.0    0.0   0.0   0.0   0.0 0.043    0.099
177.0 27.24006  0.066620 -0.032949 -0.246818 0.257765       0.0    0.0    0.0    0.0    0.0   0.0   0.0   0.0 0.028       0.0    0.0    0.0    0.0    0.0   0.0   0.0   0.0 0.028    0.078
178.0 27.08468  0.007867  0.032717 -0.331613 0.333316       0.0    0.0    0.0    0.0    0.0   0.0   0.0   0.0 0.039       0.0    0.0    0.0    0.0    0.0   0.0   0.0   0.0 0.050    0.106
179.0 26.94113 -0.050887  0.098384 -0.416409 0.430889       0.0    0.0    0.0    0.0    0.0   0.0   0.0   0.0 0.071       0.0    0.0    0.0    0.0    0.0   0.0   0.0   0.0 0.100    0.184
180.0 27.09882  0.242882 -0.229950  0.007569 0.334553       0.0    0.0    0.0    0.0    0.0   0.0   0.0   0.0 0.017       0.0    0.0    0.0    0.0    0.0   0.0   0.0   0.0 0.071    0.100
181.0 27.30710  0.184128 -0.164283 -0.077227 0.258565       0.0    0.0    0.0    0.0    0.0   0.0   0.0   0.0 0.033       0.0    0.0    0.0    0.0    0.0   0.0   0.0   0.0 0.129    0.183
182.0 26.96039  0.125374 -0.098616 -0.162022 0.227365       0.0    0.0    0.0    0.0    0.0   0.0   0.0   0.0 0.043       0.0    0.0    0.0    0.0    0.0   0.0   0.0   0.0 0.038    0.097
183.0 26.39344  0.129739  0.030573 -0.341569 0.366655       0.0    0.0    0.0    0.0    0.0   0.0   0.0   0.0 0.053       0.0    0.0    0.0    0.0    0.0   0.0   0.0   0.0 0.046    0.117
184.0 26.95756  0.012232  0.161907 -0.511160 0.536328       0.0    0.0    0.0    0.0    0.0   0.0   0.0   0.0 0.062       0.0    0.0    0.0    0.0    0.0   0.0   0.0   0.0 0.081    0.160
185.0 27.23230  0.306001 -0.166428 -0.087182 0.359076       0.0    0.0    0.0    0.0    0.0   0.0   0.0   0.0 0.011       0.0    0.0    0.0    0.0    0.0   0.0   0.0   0.0 0.036    0.065
186.0 26.91182  0.247247 -0.100761 -0.171977 0.317585       0.0    0.0    0.0    0.0    0.0   0.0   0.0   0.0 0.062       0.0    0.0    0.0    0.0    0.0   0.0   0.0   0.0 0.100    0.174
187.0 27.00418  0.188493 -0.035094 -0.256773 0.320458       0.0    0.0    0.0    0.0    0.0   0.0   0.0   0.0 0.061       0.0    0.0    0.0    0.0    0.0   0.0   0.0   0.0 0.048    0.129
188.0 26.39348 -0.185855 -0.287038  0.132186 0.366615       0.0    0.0    0.0    0.0    0.0   0.0   0.0   0.0 0.046       0.0    0.0    0.0    0.0    0.0   0.0   0.0   0.0 0.039    0.110
189.0 27.08608 -0.244609 -0.221371  0.047390 0.333294       0.0    0.0    0.0    0.0    0.0   0.0   0.0   0.0 0.035       0.0    0.0    0.0    0.0    0.0   0.0   0.0   0.0 0.062    0.112
190.0 27.25087 -0.303363 -0.155704 -0.037405 0.343034       0.0    0.0    0.0    0.0    0.0   0.0   0.0   0.0 0.005       0.0    0.0    0.0    0.0    0.0   0.0   0.0   0.0 0.010    0.034
191.0 26.67918 -0.009594 -0.484039  0.386573 0.619535       0.0    0.0    0.0    0.0    0.0   0.0   0.0   0.0 0.090       0.0    0.0    0.0    0.0    0.0   0.0   0.0   0.0 0.037    0.149
192.0 27.07348 -0.068348 -0.418372  0.301777 0.520361       0.0    0.0    0.0    0.0    0.0   0.0   0.0   0.0 0.055       0.0    0.0    0.0    0.0    0.0   0.0   0.0   0.0 0.078    0.146
193.0 26.89535 -0.127102 -0.352705  0.216982 0.433171       0.0    0.0    0.0    0.0    0.0   0.0   0.0   0.0 0.029       0.0    0.0    0.0    0.0    0.0   0.0   0.0   0.0 0.020    0.076
194.0 27.22753 -0.122736 -0.223516  0.037435 0.257731       0.0    0.0    0.0    0.0    0.0   0.0   0.0   0.0 0.020       0.0    0.0    0.0    0.0    0.0   0.0   0.0   0.0 0.028    0.074
195.0 27.40436 -0.181490 -0.157849 -0.047361 0.245149       0.0    0.0    0.0    0.0    0.0   0.0   0.0   0.0 0.038       0.0    0.0    0.0    0.0    0.0   0.0   0.0   0.0 0.054    0.104
196.0 27.25312 -0.240244 -0.092182 -0.132156 0.289275       0.0    0.0    0.0    0.0    0.0   0.0   0.0   0.0 0.006       0.0    0.0    0.0    0.0    0.0   0.0   0.0   0.0 0.030    0.054
197.0 26.77784  0.053525 -0.420517  0.291822 0.514645       0.0    0.0    0.0    0.0    0.0   0.0   0.0   0.0 0.061       0.0    0.0    0.0    0.0    0.0   0.0   0.0   0.0 0.079    0.158
198.0 27.08707 -0.005229 -0.354850  0.207026 0.410860       0.0    0.0    0.0    0.0    0.0   0.0   0.0   0.0 0.037       0.0    0.0    0.0    0.0    0.0   0.0   0.0   0.0 0.068    0.122
199.0 27.01356 -0.063983 -0.289183  0.122231 0.320407       0.0    0.0    0.0    0.0    0.0   0.0   0.0   0.0 0.054       0.0    0.0    0.0    0.0    0.0   0.0   0.0   0.0 0.042    0.119
200.0 27.72957 -0.059618 -0.159994 -0.057316 0.180104       0.0    0.0    0.0    0.0    0.0   0.0   0.0   0.0 0.025       0.0    0.0    0.0    0.0    0.0   0.0   0.0   0.0 0.060    0.101
201.0 27.25251 -0.177125 -0.028660 -0.226907 0.289277       0.0    0.0    0.0    0.0    0.0   0.0   0.0   0.0 0.009       0.0    0.0    0.0    0.0    0.0   0.0   0.0   0.0 0.034    0.060
202.0 26.67822  0.116644 -0.356994  0.197071 0.424132       0.0    0.0    0.0    0.0    0.0   0.0   0.0   0.0 0.096       0.0    0.0    0.0    0.0    0.0   0.0   0.0   0.0 0.056    0.170
203.0 26.92892  0.057890 -0.291328  0.112275 0.317535       0.0    0.0    0.0    0.0    0.0   0.0   0.0   0.0 0.077       0.0    0.0    0.0    0.0    0.0   0.0   0.0   0.0 0.097    0.188
204.0 26.94387 -0.000864 -0.225661  0.027480 0.227329       0.0    0.0    0.0    0.0    0.0   0.0   0.0   0.0 0.036       0.0    0.0    0.0    0.0    0.0   0.0   0.0   0.0 0.042    0.091