   ik    e(ev)        kx        ky        kz   abs(k)  AgDx2-y2  AgDxy  AgDxz  AgDyz  AgDz2  AgPx  AgPy  AgPz   AgS  AuDx2-y2  AuDxy  AuDxz  AuDyz  AuDz2  AuPx  AuPy  AuPz   AuS  |psi|^2
  1.0 29.20748 -0.058754  0.065667 -0.084796 0.122288       0.0    0.0    0.0    0.0    0.0   0.0   0.0   0.0 0.006       0.0    0.0    0.0    0.0    0.0   0.0   0.0   0.0 0.009    0.033
  2.0 28.94878  0.176261 -0.197001  0.254387 0.366865       0.0    0.0    0.0    0.0    0.0   0.0   0.0   0.0 0.010       0.0    0.0    0.0    0.0    0.0   0.0   0.0   0.0 0.007    0.031
  3.0 29.20748  0.058754 -0.065667  0.084796 0.122288       0.0    0.0    0.0    0.0    0.0   0.0   0.0   0.0 0.006       0.0    0.0    0.0    0.0    0.0   0.0   0.0   0.0 0.009    0.033
  4.0 29.24087  0.063119  0.063522 -0.094751 0.130372       0.0    0.0    0.0    0.0    0.0   0.0   0.0   0.0 0.000       0.0    0.0    0.0    0.0    0.0   0.0   0.0   0.0 0.027    0.034
  5.0 29.11231  0.239380 -0.133478  0.159636 0.317180       0.0    0.0    0.0    0.0    0.0   0.0   0.0   0.0 0.021       0.0    0.0    0.0    0.0    0.0   0.0   0.0   0.0 0.028    0.058
  6.0 29.17330  0.180626 -0.067812  0.074840 0.206943       0.0    0.0    0.0    0.0    0.0   0.0   0.0   0.0 0.012       0.0    0.0    0.0    0.0    0.0   0.0   0.0   0.0 0.015    0.045
  7.0 29.20951  0.121873 -0.002145 -0.009955 0.122297       0.0    0.0    0.0    0.0    0.0   0.0   0.0   0.0 0.004       0.0    0.0    0.0    0.0    0.0   0.0   0.0   0.0 0.003    0.025
  8.0 29.23873  0.008730  0.258378 -0.359093 0.442474       0.0    0.0    0.0    0.0    0.0   0.0   0.0   0.0 0.007       0.0    0.0    0.0    0.0    0.0   0.0   0.0   0.0 0.002    0.025
  9.0 29.11892  0.302499 -0.069956  0.064885 0.317190       0.0    0.0    0.0    0.0    0.0   0.0   0.0   0.0 0.022       0.0    0.0    0.0    0.0    0.0   0.0   0.0   0.0 0.026    0.058
 10.0 29.23479 -0.189357 -0.190567  0.284253 0.391115       0.0    0.0    0.0    0.0    0.0   0.0   0.0   0.0 0.005       0.0    0.0    0.0    0.0    0.0   0.0   0.0   0.0 0.000    0.016
 11.0 28.92068 -0.013096 -0.387567  0.538639 0.663711       0.0    0.0    0.0    0.0    0.0   0.0   0.0   0.0 0.007       0.0    0.0    0.0    0.0    0.0   0.0   0.0   0.0 0.012    0.033
 12.0 29.11892  0.050023 -0.324045  0.443889 0.551856       0.0    0.0    0.0    0.0    0.0   0.0   0.0   0.0 0.022       0.0    0.0    0.0    0.0    0.0   0.0   0.0   0.0 0.026    0.058
 13.0 29.23873 -0.008730 -0.258378  0.359093 0.442474       0.0    0.0    0.0    0.0    0.0   0.0   0.0   0.0 0.007       0.0    0.0    0.0    0.0    0.0   0.0   0.0   0.0 0.002    0.025
 14.0 29.24087 -0.063119 -0.063522  0.094751 0.130372       0.0    0.0    0.0    0.0    0.0   0.0   0.0   0.0 0.000       0.0    0.0    0.0    0.0    0.0   0.0   0.0   0.0 0.027    0.034
 15.0 29.20951 -0.121873  0.002145  0.009955 0.122297       0.0    0.0    0.0    0.0    0.0   0.0   0.0   0.0 0.004       0.0    0.0    0.0    0.0    0.0   0.0   0.0   0.0 0.003    0.025
 16.0 29.17330 -0.180626  0.067812 -0.074840 0.206943       0.0    0.0    0.0    0.0    0.0   0.0   0.0   0.0 0.012       0.0    0.0    0.0    0.0    0.0   0.0   0.0   0.0 0.015    0.045
 17.0 29.11231  0.113142 -0.260523  0.349138 0.450078       0.0    0.0    0.0    0.0    0.0   0.0   0.0   0.0 0.021       0.0    0.0    0.0    0.0    0.0   0.0   0.0   0.0 0.028    0.058
 18.0 28.98802 -0.062255  0.162138  0.067271 0.186253       0.0    0.0    0.0    0.0    0.0   0.0   0.0   0.0 0.005       0.0    0.0    0.0    0.0    0.0   0.0   0.0   0.0 0.003    0.026
 19.0 28.85049  0.114006 -0.034862  0.321658 0.343040       0.0    0.0    0.0    0.0    0.0   0.0   0.0   0.0 0.010       0.0    0.0    0.0    0.0    0.0   0.0   0.0   0.0 0.007    0.032
 20.0 28.75949  0.055252  0.030805  0.236862 0.245164       0.0    0.0    0.0    0.0    0.0   0.0   0.0   0.0 0.017       0.0    0.0    0.0    0.0    0.0   0.0   0.0   0.0 0.015    0.044
 21.0 28.92504  0.000864  0.225661 -0.027480 0.227329       0.0    0.0    0.0    0.0    0.0   0.0   0.0   0.0 0.030       0.0    0.0    0.0    0.0    0.0   0.0   0.0   0.0 0.031    0.071
 22.0 28.74537 -0.057890  0.291328 -0.112275 0.317535       0.0    0.0    0.0    0.0    0.0   0.0   0.0   0.0 0.002       0.0    0.0    0.0    0.0    0.0   0.0   0.0   0.0 0.000    0.014
 23.0 28.61436  0.235879 -0.037007  0.311703 0.392641       0.0    0.0    0.0    0.0    0.0   0.0   0.0   0.0 0.011       0.0    0.0    0.0    0.0    0.0   0.0   0.0   0.0 0.000    0.033
 24.0 28.51220  0.063983  0.289183 -0.122231 0.320407       0.0    0.0    0.0    0.0    0.0   0.0   0.0   0.0 0.034       0.0    0.0    0.0    0.0    0.0   0.0   0.0   0.0 0.025    0.073
 25.0 28.49659  0.005229  0.354850 -0.207026 0.410860       0.0    0.0    0.0    0.0    0.0   0.0   0.0   0.0 0.014       0.0    0.0    0.0    0.0    0.0   0.0   0.0   0.0 0.017    0.046
 26.0 28.78031  0.298998  0.026515  0.216952 0.370366       0.0    0.0    0.0    0.0    0.0   0.0   0.0   0.0 0.000       0.0    0.0    0.0    0.0    0.0   0.0   0.0   0.0 0.011    0.019
 27.0 28.74308  0.181490  0.157849  0.047361 0.245149       0.0    0.0    0.0    0.0    0.0   0.0   0.0   0.0 0.011       0.0    0.0    0.0    0.0    0.0   0.0   0.0   0.0 0.009    0.040
 28.0 29.08739 -0.192858 -0.094095  0.436319 0.486233       0.0    0.0    0.0    0.0    0.0   0.0   0.0   0.0 0.007       0.0    0.0    0.0    0.0    0.0   0.0   0.0   0.0 0.024    0.043
 29.0 28.35722 -0.251612 -0.028428  0.351524 0.433227       0.0    0.0    0.0    0.0    0.0   0.0   0.0   0.0 0.019       0.0    0.0    0.0    0.0    0.0   0.0   0.0   0.0 0.018    0.054
 30.0 28.47370 -0.310366  0.037239  0.266728 0.410923       0.0    0.0    0.0    0.0    0.0   0.0   0.0   0.0 0.013       0.0    0.0    0.0    0.0    0.0   0.0   0.0   0.0 0.016    0.044
 31.0 28.61132 -0.016597 -0.291096  0.690706 0.749725       0.0    0.0    0.0    0.0    0.0   0.0   0.0   0.0 0.007       0.0    0.0    0.0    0.0    0.0   0.0   0.0   0.0 0.000    0.030
 32.0 28.85395 -0.075351 -0.225429  0.605911 0.650864       0.0    0.0    0.0    0.0    0.0   0.0   0.0   0.0 0.010       0.0    0.0    0.0    0.0    0.0   0.0   0.0   0.0 0.000    0.031
 33.0 29.10240 -0.129739 -0.030573  0.341569 0.366655       0.0    0.0    0.0    0.0    0.0   0.0   0.0   0.0 0.008       0.0    0.0    0.0    0.0    0.0   0.0   0.0   0.0 0.022    0.041
 34.0 28.50651 -0.188493  0.035094  0.256773 0.320458       0.0    0.0    0.0    0.0    0.0   0.0   0.0   0.0 0.032       0.0    0.0    0.0    0.0    0.0   0.0   0.0   0.0 0.027    0.072
 35.0 28.58051 -0.012232 -0.161907  0.511160 0.536328       0.0    0.0    0.0    0.0    0.0   0.0   0.0   0.0 0.050       0.0    0.0    0.0    0.0    0.0   0.0   0.0   0.0 0.052    0.118
 36.0 29.12885 -0.070986 -0.096240  0.426364 0.442818       0.0    0.0    0.0    0.0    0.0   0.0   0.0   0.0 0.005       0.0    0.0    0.0    0.0    0.0   0.0   0.0   0.0 0.005    0.025
 37.0 28.91621 -0.125374  0.098616  0.162022 0.227365       0.0    0.0    0.0    0.0    0.0   0.0   0.0   0.0 0.028       0.0    0.0    0.0    0.0    0.0   0.0   0.0   0.0 0.030    0.071
 38.0 28.57365  0.050887 -0.098384  0.416409 0.430889       0.0    0.0    0.0    0.0    0.0   0.0   0.0   0.0 0.054       0.0    0.0    0.0    0.0    0.0   0.0   0.0   0.0 0.061    0.131
 39.0 29.02255 -0.007867 -0.032717  0.331613 0.333316       0.0    0.0    0.0    0.0    0.0   0.0   0.0   0.0 0.012       0.0    0.0    0.0    0.0    0.0   0.0   0.0   0.0 0.001    0.031
 40.0 28.67558 -0.007003  0.192943  0.304134 0.360241       0.0    0.0    0.0    0.0    0.0   0.0   0.0   0.0 0.026       0.0    0.0    0.0    0.0    0.0   0.0   0.0   0.0 0.022    0.059
 41.0 28.64239  0.169258 -0.004057  0.558520 0.583618       0.0    0.0    0.0    0.0    0.0   0.0   0.0   0.0 0.021       0.0    0.0    0.0    0.0    0.0   0.0   0.0   0.0 0.006    0.038
 42.0 28.52366  0.051751  0.127276  0.388929 0.412484       0.0    0.0    0.0    0.0    0.0   0.0   0.0   0.0 0.007       0.0    0.0    0.0    0.0    0.0   0.0   0.0   0.0 0.020    0.039
 43.0 28.23682  0.056116  0.256465  0.209383 0.335804       0.0    0.0    0.0    0.0    0.0   0.0   0.0   0.0 0.041       0.0    0.0    0.0    0.0    0.0   0.0   0.0   0.0 0.050    0.105
 44.0 28.81626 -0.002638  0.322132  0.124587 0.345396       0.0    0.0    0.0    0.0    0.0   0.0   0.0   0.0 0.001       0.0    0.0    0.0    0.0    0.0   0.0   0.0   0.0 0.000    0.013
 45.0 28.38416  0.173624  0.125132  0.378974 0.435229       0.0    0.0    0.0    0.0    0.0   0.0   0.0   0.0 0.028       0.0    0.0    0.0    0.0    0.0   0.0   0.0   0.0 0.018    0.057
 46.0 28.94623  0.114870  0.190799  0.294178 0.368972       0.0    0.0    0.0    0.0    0.0   0.0   0.0   0.0 0.004       0.0    0.0    0.0    0.0    0.0   0.0   0.0   0.0 0.002    0.025
 47.0 28.66060  0.119235  0.319988  0.114632 0.360208       0.0    0.0    0.0    0.0    0.0   0.0   0.0   0.0 0.016       0.0    0.0    0.0    0.0    0.0   0.0   0.0   0.0 0.018    0.046
 48.0 28.45277  0.060481  0.385655  0.029836 0.391507       0.0    0.0    0.0    0.0    0.0   0.0   0.0   0.0 0.008       0.0    0.0    0.0    0.0    0.0   0.0   0.0   0.0 0.007    0.035
 49.0 28.40471  0.295496  0.122987  0.369018 0.488486       0.0    0.0    0.0    0.0    0.0   0.0   0.0   0.0 0.008       0.0    0.0    0.0    0.0    0.0   0.0   0.0   0.0 0.008    0.032
 50.0 28.87268  0.236743  0.188654  0.284223 0.415235       0.0    0.0    0.0    0.0    0.0   0.0   0.0   0.0 0.001       0.0    0.0    0.0    0.0    0.0   0.0   0.0   0.0 0.000    0.022
 51.0 28.94801  0.177989  0.254321  0.199427 0.368958       0.0    0.0    0.0    0.0    0.0   0.0   0.0   0.0 0.002       0.0    0.0    0.0    0.0    0.0   0.0   0.0   0.0 0.002    0.024
 52.0 28.37181 -0.196360  0.002377  0.588386 0.620291       0.0    0.0    0.0    0.0    0.0   0.0   0.0   0.0 0.020       0.0    0.0    0.0    0.0    0.0   0.0   0.0   0.0 0.004    0.040
 53.0 28.36066 -0.255113  0.068043  0.503591 0.568609       0.0    0.0    0.0    0.0    0.0   0.0   0.0   0.0 0.015       0.0    0.0    0.0    0.0    0.0   0.0   0.0   0.0 0.011    0.040
 54.0 28.30893 -0.313867  0.133710  0.418795 0.540167       0.0    0.0    0.0    0.0    0.0   0.0   0.0   0.0 0.031       0.0    0.0    0.0    0.0    0.0   0.0   0.0   0.0 0.043    0.082
 55.0 28.42247 -0.020098 -0.194624  0.842773 0.865187       0.0    0.0    0.0    0.0    0.0   0.0   0.0   0.0 0.003       0.0    0.0    0.0    0.0    0.0   0.0   0.0   0.0 0.000    0.027
 56.0 28.38386 -0.078852 -0.128957  0.757977 0.772902       0.0    0.0    0.0    0.0    0.0   0.0   0.0   0.0 0.023       0.0    0.0    0.0    0.0    0.0   0.0   0.0   0.0 0.012    0.050
 57.0 28.53076 -0.137606 -0.063290  0.673182 0.690011       0.0    0.0    0.0    0.0    0.0   0.0   0.0   0.0 0.006       0.0    0.0    0.0    0.0    0.0   0.0   0.0   0.0 0.021    0.037
 58.0 28.46384 -0.133241  0.065899  0.493635 0.515530       0.0    0.0    0.0    0.0    0.0   0.0   0.0   0.0 0.013       0.0    0.0    0.0    0.0    0.0   0.0   0.0   0.0 0.015    0.039
 59.0 28.39074 -0.191994  0.131566  0.408840 0.470448       0.0    0.0    0.0    0.0    0.0   0.0   0.0   0.0 0.019       0.0    0.0    0.0    0.0    0.0   0.0   0.0   0.0 0.008    0.042
 60.0 28.29343 -0.250748  0.197233  0.324044 0.454731       0.0    0.0    0.0    0.0    0.0   0.0   0.0   0.0 0.001       0.0    0.0    0.0    0.0    0.0   0.0   0.0   0.0 0.000    0.017
 61.0 28.54801 -0.074487  0.000232  0.578431 0.583207       0.0    0.0    0.0    0.0    0.0   0.0   0.0   0.0 0.001       0.0    0.0    0.0    0.0    0.0   0.0   0.0   0.0 0.000    0.015
 62.0 28.36958 -0.070122  0.129421  0.398884 0.425177       0.0    0.0    0.0    0.0    0.0   0.0   0.0   0.0 0.021       0.0    0.0    0.0    0.0    0.0   0.0   0.0   0.0 0.010    0.048
 63.0 28.47270 -0.128875  0.195088  0.314089 0.391561       0.0    0.0    0.0    0.0    0.0   0.0   0.0   0.0 0.010       0.0    0.0    0.0    0.0    0.0   0.0   0.0   0.0 0.016    0.040
 64.0 28.63891  0.106139 -0.067580  0.653271 0.665279       0.0    0.0    0.0    0.0    0.0   0.0   0.0   0.0 0.021       0.0    0.0    0.0    0.0    0.0   0.0   0.0   0.0 0.005    0.041
 65.0 28.54907 -0.011368  0.063754  0.483680 0.487996       0.0    0.0    0.0    0.0    0.0   0.0   0.0   0.0 0.001       0.0    0.0    0.0    0.0    0.0   0.0   0.0   0.0 0.000    0.016
 66.0 28.43047  0.010504 -0.289415 -0.456200 0.540361       0.0    0.0    0.0    0.0    0.0   0.0   0.0   0.0 0.005       0.0    0.0    0.0    0.0    0.0   0.0   0.0   0.0 0.000    0.028
 67.0 28.27876 -0.107003 -0.158081 -0.625791 0.654259       0.0    0.0    0.0    0.0    0.0   0.0   0.0   0.0 0.015       0.0    0.0    0.0    0.0    0.0   0.0   0.0   0.0 0.011    0.043
 68.0 28.27876  0.128012 -0.420749 -0.286609 0.524939       0.0    0.0    0.0    0.0    0.0   0.0   0.0   0.0 0.015       0.0    0.0    0.0    0.0    0.0   0.0   0.0   0.0 0.011    0.043
 69.0 28.51094  0.073623 -0.225893 -0.550951 0.599996       0.0    0.0    0.0    0.0    0.0   0.0   0.0   0.0 0.015       0.0    0.0    0.0    0.0    0.0   0.0   0.0   0.0 0.003    0.041
 70.0 28.29514 -0.043884 -0.094559 -0.720542 0.728044       0.0    0.0    0.0    0.0    0.0   0.0   0.0   0.0 0.009       0.0    0.0    0.0    0.0    0.0   0.0   0.0   0.0 0.001    0.023
 71.0 28.35830  0.249884 -0.422893 -0.296564 0.573787       0.0    0.0    0.0    0.0    0.0   0.0   0.0   0.0 0.016       0.0    0.0    0.0    0.0    0.0   0.0   0.0   0.0 0.011    0.041
 72.0 28.32865  0.132377 -0.291560 -0.466156 0.565537       0.0    0.0    0.0    0.0    0.0   0.0   0.0   0.0 0.023       0.0    0.0    0.0    0.0    0.0   0.0   0.0   0.0 0.020    0.059
 73.0 28.52371  0.136742 -0.162370 -0.645702 0.679701       0.0    0.0    0.0    0.0    0.0   0.0   0.0   0.0 0.013       0.0    0.0    0.0    0.0    0.0   0.0   0.0   0.0 0.003    0.037
 74.0 28.78477  0.195496 -0.228037 -0.560907 0.636267       0.0    0.0    0.0    0.0    0.0   0.0   0.0   0.0 0.000       0.0    0.0    0.0    0.0    0.0   0.0   0.0   0.0 0.002    0.021
 75.0 28.41758 -0.178853 -0.479981 -0.171948 0.540311       0.0    0.0    0.0    0.0    0.0   0.0   0.0   0.0 0.007       0.0    0.0    0.0    0.0    0.0   0.0   0.0   0.0 0.003    0.029
 76.0 28.31204 -0.237606 -0.414315 -0.256743 0.542246       0.0    0.0    0.0    0.0    0.0   0.0   0.0   0.0 0.023       0.0    0.0    0.0    0.0    0.0   0.0   0.0   0.0 0.020    0.056
 77.0 28.41582 -0.002591 -0.676982  0.082439 0.681988       0.0    0.0    0.0    0.0    0.0   0.0   0.0   0.0 0.007       0.0    0.0    0.0    0.0    0.0   0.0   0.0   0.0 0.001    0.022
 78.0 28.31204 -0.120099 -0.545648 -0.087152 0.565466       0.0    0.0    0.0    0.0    0.0   0.0   0.0   0.0 0.023       0.0    0.0    0.0    0.0    0.0   0.0   0.0   0.0 0.020    0.056
 79.0 28.52371 -0.115734 -0.416459 -0.266698 0.507898       0.0    0.0    0.0    0.0    0.0   0.0   0.0   0.0 0.013       0.0    0.0    0.0    0.0    0.0   0.0   0.0   0.0 0.003    0.037
 80.0 28.78477 -0.174487 -0.350792 -0.351494 0.526355       0.0    0.0    0.0    0.0    0.0   0.0   0.0   0.0 0.000       0.0    0.0    0.0    0.0    0.0   0.0   0.0   0.0 0.002    0.021
 81.0 28.51094 -0.052615 -0.352937 -0.361449 0.507916       0.0    0.0    0.0    0.0    0.0   0.0   0.0   0.0 0.015       0.0    0.0    0.0    0.0    0.0   0.0   0.0   0.0 0.003    0.041
 82.0 28.32865 -0.111368 -0.287270 -0.446245 0.542274       0.0    0.0    0.0    0.0    0.0   0.0   0.0   0.0 0.023       0.0    0.0    0.0    0.0    0.0   0.0   0.0   0.0 0.020    0.059
 83.0 28.35830  0.123647 -0.549938 -0.107063 0.573744       0.0    0.0    0.0    0.0    0.0   0.0   0.0   0.0 0.016       0.0    0.0    0.0    0.0    0.0   0.0   0.0   0.0 0.011    0.041
 84.0 28.29514  0.064893 -0.484271 -0.191858 0.524918       0.0    0.0    0.0    0.0    0.0   0.0   0.0   0.0 0.009       0.0    0.0    0.0    0.0    0.0   0.0   0.0   0.0 0.001    0.023
 85.0 28.67558  0.007003 -0.192943 -0.304134 0.360241       0.0    0.0    0.0    0.0    0.0   0.0   0.0   0.0 0.026       0.0    0.0    0.0    0.0    0.0   0.0   0.0   0.0 0.022    0.059
 86.0 28.52366 -0.051751 -0.127276 -0.388929 0.412484       0.0    0.0    0.0    0.0    0.0   0.0   0.0   0.0 0.007       0.0    0.0    0.0    0.0    0.0   0.0   0.0   0.0 0.020    0.039
 87.0 28.64239  0.183264 -0.389944 -0.049747 0.433724       0.0    0.0    0.0    0.0    0.0   0.0   0.0   0.0 0.021       0.0    0.0    0.0    0.0    0.0   0.0   0.0   0.0 0.006    0.038
 88.0 28.36958  0.070122 -0.129421 -0.398884 0.425177       0.0    0.0    0.0    0.0    0.0   0.0   0.0   0.0 0.021       0.0    0.0    0.0    0.0    0.0   0.0   0.0   0.0 0.010    0.048
 89.0 28.54907  0.011368 -0.063754 -0.483680 0.487996       0.0    0.0    0.0    0.0    0.0   0.0   0.0   0.0 0.001       0.0    0.0    0.0    0.0    0.0   0.0   0.0   0.0 0.000    0.016
 90.0 28.63891  0.246383 -0.326422 -0.144498 0.433746       0.0    0.0    0.0    0.0    0.0   0.0   0.0   0.0 0.021       0.0    0.0    0.0    0.0    0.0   0.0   0.0   0.0 0.005    0.041
 91.0 28.47270  0.128875 -0.195088 -0.314089 0.391561       0.0    0.0    0.0    0.0    0.0   0.0   0.0   0.0 0.010       0.0    0.0    0.0    0.0    0.0   0.0   0.0   0.0 0.016    0.040
 92.0 28.46384  0.133241 -0.065899 -0.493635 0.515530       0.0    0.0    0.0    0.0    0.0   0.0   0.0   0.0 0.013       0.0    0.0    0.0    0.0    0.0   0.0   0.0   0.0 0.015    0.039
 93.0 28.54801  0.074487 -0.000232 -0.578431 0.583207       0.0    0.0    0.0    0.0    0.0   0.0   0.0   0.0 0.001       0.0    0.0    0.0    0.0    0.0   0.0   0.0   0.0 0.000    0.015
 94.0 28.29343  0.250748 -0.197233 -0.324044 0.454731       0.0    0.0    0.0    0.0    0.0   0.0   0.0   0.0 0.001       0.0    0.0    0.0    0.0    0.0   0.0   0.0   0.0 0.000    0.017
 95.0 28.39074  0.191994 -0.131566 -0.408840 0.470448       0.0    0.0    0.0    0.0    0.0   0.0   0.0   0.0 0.019       0.0    0.0    0.0    0.0    0.0   0.0   0.0   0.0 0.008    0.042
 96.0 28.37181 -0.182354 -0.383510 -0.019881 0.425121       0.0    0.0    0.0    0.0    0.0   0.0   0.0   0.0 0.020       0.0    0.0    0.0    0.0    0.0   0.0   0.0   0.0 0.004    0.040
 97.0 28.53076 -0.241108 -0.317843 -0.104676 0.412449       0.0    0.0    0.0    0.0    0.0   0.0   0.0   0.0 0.006       0.0    0.0    0.0    0.0    0.0   0.0   0.0   0.0 0.021    0.037
 98.0 28.38386 -0.299862 -0.252176 -0.189472 0.435212       0.0    0.0    0.0    0.0    0.0   0.0   0.0   0.0 0.023       0.0    0.0    0.0    0.0    0.0   0.0   0.0   0.0 0.012    0.050
 99.0 28.42246 -0.006093 -0.580511  0.234506 0.626117       0.0    0.0    0.0    0.0    0.0   0.0   0.0   0.0 0.003       0.0    0.0    0.0    0.0    0.0   0.0   0.0   0.0 0.000    0.027
100.0 28.30893 -0.064847 -0.514844  0.149710 0.540076       0.0    0.0    0.0    0.0    0.0   0.0   0.0   0.0 0.031       0.0    0.0    0.0    0.0    0.0   0.0   0.0   0.0 0.043    0.082
101.0 28.36066 -0.123600 -0.449177  0.064915 0.470373       0.0    0.0    0.0    0.0    0.0   0.0   0.0   0.0 0.015       0.0    0.0    0.0    0.0    0.0   0.0   0.0   0.0 0.011    0.040
102.0 28.66060 -0.119235 -0.319988 -0.114632 0.360208       0.0    0.0    0.0    0.0    0.0   0.0   0.0   0.0 0.016       0.0    0.0    0.0    0.0    0.0   0.0   0.0   0.0 0.018    0.046
103.0 28.94801 -0.177989 -0.254321 -0.199427 0.368958       0.0    0.0    0.0    0.0    0.0   0.0   0.0   0.0 0.002       0.0    0.0    0.0    0.0    0.0   0.0   0.0   0.0 0.002    0.024
104.0 28.87268 -0.236743 -0.188654 -0.284223 0.415235       0.0    0.0    0.0    0.0    0.0   0.0   0.0   0.0 0.001       0.0    0.0    0.0    0.0    0.0   0.0   0.0   0.0 0.000    0.022
105.0 28.40471  0.057026 -0.516988  0.139755 0.538573       0.0    0.0    0.0    0.0    0.0   0.0   0.0   0.0 0.008       0.0    0.0    0.0    0.0    0.0   0.0   0.0   0.0 0.008    0.032
106.0 28.45277 -0.060481 -0.385655 -0.029836 0.391507       0.0    0.0    0.0    0.0    0.0   0.0   0.0   0.0 0.008       0.0    0.0    0.0    0.0    0.0   0.0   0.0   0.0 0.007    0.035
107.0 28.23682 -0.056116 -0.256465 -0.209383 0.335804       0.0    0.0    0.0    0.0    0.0   0.0   0.0   0.0 0.041       0.0    0.0    0.0    0.0    0.0   0.0   0.0   0.0 0.050    0.105
108.0 28.94623 -0.114870 -0.190799 -0.294178 0.368972       0.0    0.0    0.0    0.0    0.0   0.0   0.0   0.0 0.004       0.0    0.0    0.0    0.0    0.0   0.0   0.0   0.0 0.002    0.025
109.0 28.38416 -0.173624 -0.125132 -0.378974 0.435229       0.0    0.0    0.0    0.0    0.0   0.0   0.0   0.0 0.028       0.0    0.0    0.0    0.0    0.0   0.0   0.0   0.0 0.018    0.057
110.0 28.81626  0.002638 -0.322132 -0.124587 0.345396       0.0    0.0    0.0    0.0    0.0   0.0   0.0   0.0 0.001       0.0    0.0    0.0    0.0    0.0   0.0   0.0   0.0 0.000    0.013
111.0 28.75949 -0.055252 -0.030805 -0.236862 0.245164       0.0    0.0    0.0    0.0    0.0   0.0   0.0   0.0 0.017       0.0    0.0    0.0    0.0    0.0   0.0   0.0   0.0 0.015    0.044
112.0 28.85049 -0.114006  0.034862 -0.321658 0.343040       0.0    0.0    0.0    0.0    0.0   0.0   0.0   0.0 0.010       0.0    0.0    0.0    0.0    0.0   0.0   0.0   0.0 0.007    0.032
113.0 28.98802  0.062255 -0.162138 -0.067271 0.186253       0.0    0.0    0.0    0.0    0.0   0.0   0.0   0.0 0.005       0.0    0.0    0.0    0.0    0.0   0.0   0.0   0.0 0.003    0.026
114.0 29.02255  0.007867  0.032717 -0.331613 0.333316       0.0    0.0    0.0    0.0    0.0   0.0   0.0   0.0 0.012       0.0    0.0    0.0    0.0    0.0   0.0   0.0   0.0 0.001    0.031
115.0 28.57365 -0.050887  0.098384 -0.416409 0.430889       0.0    0.0    0.0    0.0    0.0   0.0   0.0   0.0 0.054       0.0    0.0    0.0    0.0    0.0   0.0   0.0   0.0 0.061    0.131
116.0 28.91621  0.125374 -0.098616 -0.162022 0.227365       0.0    0.0    0.0    0.0    0.0   0.0   0.0   0.0 0.028       0.0    0.0    0.0    0.0    0.0   0.0   0.0   0.0 0.030    0.071
117.0 29.10240  0.129739  0.030573 -0.341569 0.366655       0.0    0.0    0.0    0.0    0.0   0.0   0.0   0.0 0.008       0.0    0.0    0.0    0.0    0.0   0.0   0.0   0.0 0.022    0.041
118.0 29.12885  0.070986  0.096240 -0.426364 0.442818       0.0    0.0    0.0    0.0    0.0   0.0   0.0   0.0 0.005       0.0    0.0    0.0    0.0    0.0   0.0   0.0   0.0 0.005    0.025
119.0 28.58051  0.012232  0.161907 -0.511160 0.536328       0.0    0.0    0.0    0.0    0.0   0.0   0.0   0.0 0.050       0.0    0.0    0.0    0.0    0.0   0.0   0.0   0.0 0.052    0.118
120.0 28.50651  0.188493 -0.035094 -0.256773 0.320458       0.0    0.0    0.0    0.0    0.0   0.0   0.0   0.0 0.032       0.0    0.0    0.0    0.0    0.0   0.0   0.0   0.0 0.027    0.072
121.0 29.08739 -0.185855 -0.287038  0.132186 0.366615       0.0    0.0    0.0    0.0    0.0   0.0   0.0   0.0 0.007       0.0    0.0    0.0    0.0    0.0   0.0   0.0   0.0 0.024    0.043
122.0 28.85395 -0.303363 -0.155704 -0.037405 0.343034       0.0    0.0    0.0    0.0    0.0   0.0   0.0   0.0 0.010       0.0    0.0    0.0    0.0    0.0   0.0   0.0   0.0 0.000    0.031
123.0 28.61132 -0.009594 -0.484039  0.386573 0.619535       0.0    0.0    0.0    0.0    0.0   0.0   0.0   0.0 0.007       0.0    0.0    0.0    0.0    0.0   0.0   0.0   0.0 0.000    0.030
124.0 28.47370 -0.068348 -0.418372  0.301777 0.520361       0.0    0.0    0.0    0.0    0.0   0.0   0.0   0.0 0.013       0.0    0.0    0.0    0.0    0.0   0.0   0.0   0.0 0.016    0.044
125.0 28.35722 -0.127102 -0.352705  0.216982 0.433171       0.0    0.0    0.0    0.0    0.0   0.0   0.0   0.0 0.019       0.0    0.0    0.0    0.0    0.0   0.0   0.0   0.0 0.018    0.054
126.0 28.74308 -0.181490 -0.157849 -0.047361 0.245149       0.0    0.0    0.0    0.0    0.0   0.0   0.0   0.0 0.011       0.0    0.0    0.0    0.0    0.0   0.0   0.0   0.0 0.009    0.040
127.0 28.78031  0.053525 -0.420517  0.291822 0.514645       0.0    0.0    0.0    0.0    0.0   0.0   0.0   0.0 0.000       0.0    0.0    0.0    0.0    0.0   0.0   0.0   0.0 0.011    0.019
128.0 28.49659 -0.005229 -0.354850  0.207026 0.410860       0.0    0.0    0.0    0.0    0.0   0.0   0.0   0.0 0.014       0.0    0.0    0.0    0.0    0.0   0.0   0.0   0.0 0.017    0.046
129.0 28.51220 -0.063983 -0.289183  0.122231 0.320407       0.0    0.0    0.0    0.0    0.0   0.0   0.0   0.0 0.034       0.0    0.0    0.0    0.0    0.0   0.0   0.0   0.0 0.025    0.073
130.0 28.61436  0.116644 -0.356994  0.197071 0.424132       0.0    0.0    0.0    0.0    0.0   0.0   0.0   0.0 0.011       0.0    0.0    0.0    0.0    0.0   0.0   0.0   0.0 0.000    0.033
131.0 28.74537  0.057890 -0.291328  0.112275 0.317535       0.0    0.0    0.0    0.0    0.0   0.0   0.0   0.0 0.002       0.0    0.0    0.0    0.0    0.0   0.0   0.0   0.0 0.000    0.014
132.0 28.92504 -0.000864 -0.225661  0.027480 0.227329       0.0    0.0    0.0    0.0    0.0   0.0   0.0   0.0 0.030       0.0    0.0    0.0    0.0    0.0   0.0   0.0   0.0 0.031    0.071