   ik    e(ev)        kx        ky        kz   abs(k)  AgDx2-y2  AgDxy  AgDxz  AgDyz  AgDz2  AgPx  AgPy  AgPz   AgS  AuDx2-y2  AuDxy  AuDxz  AuDyz  AuDz2  AuPx  AuPy  AuPz   AuS  |psi|^2
  1.0 28.39165 -0.058754  0.065667 -0.084796 0.122288       0.0    0.0    0.0    0.0    0.0   0.0   0.0   0.0 0.002       0.0    0.0    0.0    0.0    0.0   0.0   0.0   0.0 0.011    0.035
  2.0 28.10854  0.176261 -0.197001  0.254387 0.366865       0.0    0.0    0.0    0.0    0.0   0.0   0.0   0.0 0.042       0.0    0.0    0.0    0.0    0.0   0.0   0.0   0.0 0.042    0.092
  3.0 28.39165  0.058754 -0.065667  0.084796 0.122288       0.0    0.0    0.0    0.0    0.0   0.0   0.0   0.0 0.002       0.0    0.0    0.0    0.0    0.0   0.0   0.0   0.0 0.011    0.035
  4.0 28.35489  0.063119  0.063522 -0.094751 0.130372       0.0    0.0    0.0    0.0    0.0   0.0   0.0   0.0 0.016       0.0    0.0    0.0    0.0    0.0   0.0   0.0   0.0 0.014    0.043
  5.0 28.29374  0.004365  0.129189 -0.179546 0.221237       0.0    0.0    0.0    0.0    0.0   0.0   0.0   0.0 0.014       0.0    0.0    0.0    0.0    0.0   0.0   0.0   0.0 0.011    0.042
  6.0 27.83499 -0.054389  0.194856 -0.264342 0.332872       0.0    0.0    0.0    0.0    0.0   0.0   0.0   0.0 0.037       0.0    0.0    0.0    0.0    0.0   0.0   0.0   0.0 0.044    0.094
  7.0 27.87478  0.239380 -0.133478  0.159636 0.317180       0.0    0.0    0.0    0.0    0.0   0.0   0.0   0.0 0.012       0.0    0.0    0.0    0.0    0.0   0.0   0.0   0.0 0.032    0.059
  8.0 28.28959  0.180626 -0.067812  0.074840 0.206943       0.0    0.0    0.0    0.0    0.0   0.0   0.0   0.0 0.008       0.0    0.0    0.0    0.0    0.0   0.0   0.0   0.0 0.039    0.061
  9.0 28.39396  0.121873 -0.002145 -0.009955 0.122297       0.0    0.0    0.0    0.0    0.0   0.0   0.0   0.0 0.002       0.0    0.0    0.0    0.0    0.0   0.0   0.0   0.0 0.010    0.035
 10.0 28.52596  0.126238  0.127044 -0.189502 0.260744       0.0    0.0    0.0    0.0    0.0   0.0   0.0   0.0 0.009       0.0    0.0    0.0    0.0    0.0   0.0   0.0   0.0 0.015    0.038
 11.0 27.57629  0.008730  0.258378 -0.359093 0.442474       0.0    0.0    0.0    0.0    0.0   0.0   0.0   0.0 0.026       0.0    0.0    0.0    0.0    0.0   0.0   0.0   0.0 0.074    0.112
 12.0 27.85361  0.302499 -0.069956  0.064885 0.317190       0.0    0.0    0.0    0.0    0.0   0.0   0.0   0.0 0.009       0.0    0.0    0.0    0.0    0.0   0.0   0.0   0.0 0.031    0.055
 13.0 28.14680  0.243745 -0.004289 -0.019911 0.244595       0.0    0.0    0.0    0.0    0.0   0.0   0.0   0.0 0.002       0.0    0.0    0.0    0.0    0.0   0.0   0.0   0.0 0.007    0.023
 14.0 28.28276  0.184992  0.061378 -0.104706 0.221252       0.0    0.0    0.0    0.0    0.0   0.0   0.0   0.0 0.011       0.0    0.0    0.0    0.0    0.0   0.0   0.0   0.0 0.013    0.042
 15.0 27.83106 -0.306864 -0.059233  0.114662 0.332899       0.0    0.0    0.0    0.0    0.0   0.0   0.0   0.0 0.037       0.0    0.0    0.0    0.0    0.0   0.0   0.0   0.0 0.048    0.095
 16.0 28.11350 -0.013096 -0.387567  0.538639 0.663711       0.0    0.0    0.0    0.0    0.0   0.0   0.0   0.0 0.037       0.0    0.0    0.0    0.0    0.0   0.0   0.0   0.0 0.043    0.090
 17.0 27.83106 -0.071849 -0.321900  0.453844 0.561032       0.0    0.0    0.0    0.0    0.0   0.0   0.0   0.0 0.037       0.0    0.0    0.0    0.0    0.0   0.0   0.0   0.0 0.048    0.095
 18.0 28.52596 -0.126238 -0.127044  0.189502 0.260744       0.0    0.0    0.0    0.0    0.0   0.0   0.0   0.0 0.009       0.0    0.0    0.0    0.0    0.0   0.0   0.0   0.0 0.015    0.038
 19.0 28.28276 -0.184992 -0.061378  0.104706 0.221252       0.0    0.0    0.0    0.0    0.0   0.0   0.0   0.0 0.011       0.0    0.0    0.0    0.0    0.0   0.0   0.0   0.0 0.013    0.042
 20.0 28.14680 -0.243745  0.004289  0.019911 0.244595       0.0    0.0    0.0    0.0    0.0   0.0   0.0   0.0 0.002       0.0    0.0    0.0    0.0    0.0   0.0   0.0   0.0 0.007    0.023
 21.0 27.85361  0.050023 -0.324045  0.443889 0.551856       0.0    0.0    0.0    0.0    0.0   0.0   0.0   0.0 0.009       0.0    0.0    0.0    0.0    0.0   0.0   0.0   0.0 0.031    0.055
 22.0 27.57629 -0.008730 -0.258378  0.359093 0.442474       0.0    0.0    0.0    0.0    0.0   0.0   0.0   0.0 0.026       0.0    0.0    0.0    0.0    0.0   0.0   0.0   0.0 0.074    0.112
 23.0 28.35489 -0.063119 -0.063522  0.094751 0.130372       0.0    0.0    0.0    0.0    0.0   0.0   0.0   0.0 0.016       0.0    0.0    0.0    0.0    0.0   0.0   0.0   0.0 0.014    0.043
 24.0 28.39396 -0.121873  0.002145  0.009955 0.122297       0.0    0.0    0.0    0.0    0.0   0.0   0.0   0.0 0.002       0.0    0.0    0.0    0.0    0.0   0.0   0.0   0.0 0.010    0.035
 25.0 28.28959 -0.180626  0.067812 -0.074840 0.206943       0.0    0.0    0.0    0.0    0.0   0.0   0.0   0.0 0.008       0.0    0.0    0.0    0.0    0.0   0.0   0.0   0.0 0.039    0.061
 26.0 27.87478  0.113142 -0.260523  0.349138 0.450078       0.0    0.0    0.0    0.0    0.0   0.0   0.0   0.0 0.012       0.0    0.0    0.0    0.0    0.0   0.0   0.0   0.0 0.032    0.059
 27.0 27.83499  0.054389 -0.194856  0.264342 0.332872       0.0    0.0    0.0    0.0    0.0   0.0   0.0   0.0 0.037       0.0    0.0    0.0    0.0    0.0   0.0   0.0   0.0 0.044    0.094
 28.0 28.29374 -0.004365 -0.129189  0.179546 0.221237       0.0    0.0    0.0    0.0    0.0   0.0   0.0   0.0 0.014       0.0    0.0    0.0    0.0    0.0   0.0   0.0   0.0 0.011    0.042
 29.0 28.03925 -0.003501  0.096472  0.152067 0.180120       0.0    0.0    0.0    0.0    0.0   0.0   0.0   0.0 0.016       0.0    0.0    0.0    0.0    0.0   0.0   0.0   0.0 0.017    0.050
 30.0 28.38090 -0.062255  0.162138  0.067271 0.186253       0.0    0.0    0.0    0.0    0.0   0.0   0.0   0.0 0.025       0.0    0.0    0.0    0.0    0.0   0.0   0.0   0.0 0.034    0.063
 31.0 27.87003 -0.121009  0.227805 -0.017524 0.258545       0.0    0.0    0.0    0.0    0.0   0.0   0.0   0.0 0.002       0.0    0.0    0.0    0.0    0.0   0.0   0.0   0.0 0.006    0.027
 32.0 27.73160  0.172760 -0.100529  0.406453 0.452942       0.0    0.0    0.0    0.0    0.0   0.0   0.0   0.0 0.040       0.0    0.0    0.0    0.0    0.0   0.0   0.0   0.0 0.019    0.073
 33.0 27.98405  0.114006 -0.034862  0.321658 0.343040       0.0    0.0    0.0    0.0    0.0   0.0   0.0   0.0 0.018       0.0    0.0    0.0    0.0    0.0   0.0   0.0   0.0 0.070    0.102
 34.0 28.20420  0.055252  0.030805  0.236862 0.245164       0.0    0.0    0.0    0.0    0.0   0.0   0.0   0.0 0.010       0.0    0.0    0.0    0.0    0.0   0.0   0.0   0.0 0.045    0.065
 35.0 28.01427  0.059618  0.159994  0.057316 0.180104       0.0    0.0    0.0    0.0    0.0   0.0   0.0   0.0 0.017       0.0    0.0    0.0    0.0    0.0   0.0   0.0   0.0 0.026    0.054
 36.0 28.24010  0.000864  0.225661 -0.027480 0.227329       0.0    0.0    0.0    0.0    0.0   0.0   0.0   0.0 0.008       0.0    0.0    0.0    0.0    0.0   0.0   0.0   0.0 0.011    0.031
 37.0 27.84412 -0.057890  0.291328 -0.112275 0.317535       0.0    0.0    0.0    0.0    0.0   0.0   0.0   0.0 0.011       0.0    0.0    0.0    0.0    0.0   0.0   0.0   0.0 0.015    0.046
 38.0 27.92757  0.235879 -0.037007  0.311703 0.392641       0.0    0.0    0.0    0.0    0.0   0.0   0.0   0.0 0.006       0.0    0.0    0.0    0.0    0.0   0.0   0.0   0.0 0.001    0.037
 39.0 27.93709  0.177125  0.028660  0.226907 0.289277       0.0    0.0    0.0    0.0    0.0   0.0   0.0   0.0 0.009       0.0    0.0    0.0    0.0    0.0   0.0   0.0   0.0 0.004    0.037
 40.0 27.86302  0.122736  0.223516 -0.037435 0.257731       0.0    0.0    0.0    0.0    0.0   0.0   0.0   0.0 0.035       0.0    0.0    0.0    0.0    0.0   0.0   0.0   0.0 0.057    0.105
 41.0 28.07549  0.063983  0.289183 -0.122231 0.320407       0.0    0.0    0.0    0.0    0.0   0.0   0.0   0.0 0.011       0.0    0.0    0.0    0.0    0.0   0.0   0.0   0.0 0.003    0.035
 42.0 27.54362  0.005229  0.354850 -0.207026 0.410860       0.0    0.0    0.0    0.0    0.0   0.0   0.0   0.0 0.027       0.0    0.0    0.0    0.0    0.0   0.0   0.0   0.0 0.018    0.064
 43.0 27.78382  0.298998  0.026515  0.216952 0.370366       0.0    0.0    0.0    0.0    0.0   0.0   0.0   0.0 0.065       0.0    0.0    0.0    0.0    0.0   0.0   0.0   0.0 0.045    0.122
 44.0 27.91396  0.240244  0.092182  0.132156 0.289275       0.0    0.0    0.0    0.0    0.0   0.0   0.0   0.0 0.007       0.0    0.0    0.0    0.0    0.0   0.0   0.0   0.0 0.000    0.034
 45.0 28.19837  0.181490  0.157849  0.047361 0.245149       0.0    0.0    0.0    0.0    0.0   0.0   0.0   0.0 0.011       0.0    0.0    0.0    0.0    0.0   0.0   0.0   0.0 0.037    0.060
 46.0 27.96978 -0.192858 -0.094095  0.436319 0.486233       0.0    0.0    0.0    0.0    0.0   0.0   0.0   0.0 0.015       0.0    0.0    0.0    0.0    0.0   0.0   0.0   0.0 0.033    0.063
 47.0 27.54261 -0.310366  0.037239  0.266728 0.410923       0.0    0.0    0.0    0.0    0.0   0.0   0.0   0.0 0.025       0.0    0.0    0.0    0.0    0.0   0.0   0.0   0.0 0.009    0.053
 48.0 27.92257 -0.016597 -0.291096  0.690706 0.749725       0.0    0.0    0.0    0.0    0.0   0.0   0.0   0.0 0.008       0.0    0.0    0.0    0.0    0.0   0.0   0.0   0.0 0.002    0.037
 49.0 27.97618 -0.075351 -0.225429  0.605911 0.650864       0.0    0.0    0.0    0.0    0.0   0.0   0.0   0.0 0.019       0.0    0.0    0.0    0.0    0.0   0.0   0.0   0.0 0.061    0.093
 50.0 27.91395 -0.134104 -0.159762  0.521115 0.561310       0.0    0.0    0.0    0.0    0.0   0.0   0.0   0.0 0.030       0.0    0.0    0.0    0.0    0.0   0.0   0.0   0.0 0.055    0.091
 51.0 27.96699 -0.129739 -0.030573  0.341569 0.366655       0.0    0.0    0.0    0.0    0.0   0.0   0.0   0.0 0.016       0.0    0.0    0.0    0.0    0.0   0.0   0.0   0.0 0.030    0.063
 52.0 28.07296 -0.188493  0.035094  0.256773 0.320458       0.0    0.0    0.0    0.0    0.0   0.0   0.0   0.0 0.010       0.0    0.0    0.0    0.0    0.0   0.0   0.0   0.0 0.004    0.033
 53.0 27.85488 -0.247247  0.100761  0.171977 0.317585       0.0    0.0    0.0    0.0    0.0   0.0   0.0   0.0 0.011       0.0    0.0    0.0    0.0    0.0   0.0   0.0   0.0 0.015    0.044
 54.0 27.69370  0.046522 -0.227573  0.595955 0.639622       0.0    0.0    0.0    0.0    0.0   0.0   0.0   0.0 0.036       0.0    0.0    0.0    0.0    0.0   0.0   0.0   0.0 0.028    0.080
 55.0 27.67578 -0.012232 -0.161907  0.511160 0.536328       0.0    0.0    0.0    0.0    0.0   0.0   0.0   0.0 0.019       0.0    0.0    0.0    0.0    0.0   0.0   0.0   0.0 0.022    0.060
 56.0 27.70174 -0.070986 -0.096240  0.426364 0.442818       0.0    0.0    0.0    0.0    0.0   0.0   0.0   0.0 0.038       0.0    0.0    0.0    0.0    0.0   0.0   0.0   0.0 0.066    0.116
 57.0 27.90033 -0.066620  0.032949  0.246818 0.257765       0.0    0.0    0.0    0.0    0.0   0.0   0.0   0.0 0.051       0.0    0.0    0.0    0.0    0.0   0.0   0.0   0.0 0.048    0.114
 58.0 28.24066 -0.125374  0.098616  0.162022 0.227365       0.0    0.0    0.0    0.0    0.0   0.0   0.0   0.0 0.010       0.0    0.0    0.0    0.0    0.0   0.0   0.0   0.0 0.012    0.031
 59.0 27.87933 -0.184128  0.164283  0.077227 0.258565       0.0    0.0    0.0    0.0    0.0   0.0   0.0   0.0 0.007       0.0    0.0    0.0    0.0    0.0   0.0   0.0   0.0 0.008    0.031
 60.0 27.65365  0.050887 -0.098384  0.416409 0.430889       0.0    0.0    0.0    0.0    0.0   0.0   0.0   0.0 0.020       0.0    0.0    0.0    0.0    0.0   0.0   0.0   0.0 0.019    0.057
 61.0 27.90481 -0.007867 -0.032717  0.331613 0.333316       0.0    0.0    0.0    0.0    0.0   0.0   0.0   0.0 0.025       0.0    0.0    0.0    0.0    0.0   0.0   0.0   0.0 0.050    0.088
 62.0 28.00945 -0.007003  0.192943  0.304134 0.360241       0.0    0.0    0.0    0.0    0.0   0.0   0.0   0.0 0.015       0.0    0.0    0.0    0.0    0.0   0.0   0.0   0.0 0.032    0.064
 63.0 27.82712 -0.065757  0.258610  0.219338 0.345416       0.0    0.0    0.0    0.0    0.0   0.0   0.0   0.0 0.019       0.0    0.0    0.0    0.0    0.0   0.0   0.0   0.0 0.012    0.048
 64.0 27.53555 -0.124510  0.324277  0.134542 0.372505       0.0    0.0    0.0    0.0    0.0   0.0   0.0   0.0 0.072       0.0    0.0    0.0    0.0    0.0   0.0   0.0   0.0 0.015    0.105
 65.0 27.91865  0.169258 -0.004057  0.558520 0.583618       0.0    0.0    0.0    0.0    0.0   0.0   0.0   0.0 0.021       0.0    0.0    0.0    0.0    0.0   0.0   0.0   0.0 0.003    0.042
 66.0 27.63744  0.110505  0.061609  0.473725 0.490329       0.0    0.0    0.0    0.0    0.0   0.0   0.0   0.0 0.040       0.0    0.0    0.0    0.0    0.0   0.0   0.0   0.0 0.037    0.090
 67.0 27.90494  0.051751  0.127276  0.388929 0.412484       0.0    0.0    0.0    0.0    0.0   0.0   0.0   0.0 0.001       0.0    0.0    0.0    0.0    0.0   0.0   0.0   0.0 0.000    0.016
 68.0 28.03043  0.056116  0.256465  0.209383 0.335804       0.0    0.0    0.0    0.0    0.0   0.0   0.0   0.0 0.016       0.0    0.0    0.0    0.0    0.0   0.0   0.0   0.0 0.041    0.072
 69.0 27.81751 -0.002638  0.322132  0.124587 0.345396       0.0    0.0    0.0    0.0    0.0   0.0   0.0   0.0 0.017       0.0    0.0    0.0    0.0    0.0   0.0   0.0   0.0 0.012    0.050
 70.0 27.76593 -0.061391  0.387799  0.039791 0.394640       0.0    0.0    0.0    0.0    0.0   0.0   0.0   0.0 0.015       0.0    0.0    0.0    0.0    0.0   0.0   0.0   0.0 0.008    0.043
 71.0 27.40876  0.232377  0.059465  0.463769 0.522128       0.0    0.0    0.0    0.0    0.0   0.0   0.0   0.0 0.030       0.0    0.0    0.0    0.0    0.0   0.0   0.0   0.0 0.034    0.082
 72.0 27.57313  0.114870  0.190799  0.294178 0.368972       0.0    0.0    0.0    0.0    0.0   0.0   0.0   0.0 0.001       0.0    0.0    0.0    0.0    0.0   0.0   0.0   0.0 0.000    0.015
 73.0 28.02302  0.119235  0.319988  0.114632 0.360208       0.0    0.0    0.0    0.0    0.0   0.0   0.0   0.0 0.019       0.0    0.0    0.0    0.0    0.0   0.0   0.0   0.0 0.031    0.067
 74.0 27.69239  0.060481  0.385655  0.029836 0.391507       0.0    0.0    0.0    0.0    0.0   0.0   0.0   0.0 0.013       0.0    0.0    0.0    0.0    0.0   0.0   0.0   0.0 0.013    0.047
 75.0 27.56872  0.001728  0.451321 -0.054959 0.454659       0.0    0.0    0.0    0.0    0.0   0.0   0.0   0.0 0.008       0.0    0.0    0.0    0.0    0.0   0.0   0.0   0.0 0.010    0.034
 76.0 27.52631  0.295496  0.122987  0.369018 0.488486       0.0    0.0    0.0    0.0    0.0   0.0   0.0   0.0 0.017       0.0    0.0    0.0    0.0    0.0   0.0   0.0   0.0 0.008    0.048
 77.0 26.79863  0.236743  0.188654  0.284223 0.415235       0.0    0.0    0.0    0.0    0.0   0.0   0.0   0.0 0.018       0.0    0.0    0.0    0.0    0.0   0.0   0.0   0.0 0.002    0.038
 78.0 27.57683  0.177989  0.254321  0.199427 0.368958       0.0    0.0    0.0    0.0    0.0   0.0   0.0   0.0 0.001       0.0    0.0    0.0    0.0    0.0   0.0   0.0   0.0 0.000    0.013
 79.0 27.93394 -0.196360  0.002377  0.588386 0.620291       0.0    0.0    0.0    0.0    0.0   0.0   0.0   0.0 0.011       0.0    0.0    0.0    0.0    0.0   0.0   0.0   0.0 0.005    0.037
 80.0 27.61342 -0.255113  0.068043  0.503591 0.568609       0.0    0.0    0.0    0.0    0.0   0.0   0.0   0.0 0.044       0.0    0.0    0.0    0.0    0.0   0.0   0.0   0.0 0.037    0.098
 81.0 27.40610 -0.313867  0.133710  0.418795 0.540167       0.0    0.0    0.0    0.0    0.0   0.0   0.0   0.0 0.023       0.0    0.0    0.0    0.0    0.0   0.0   0.0   0.0 0.025    0.065
 82.0 27.53242 -0.020098 -0.194624  0.842773 0.865187       0.0    0.0    0.0    0.0    0.0   0.0   0.0   0.0 0.019       0.0    0.0    0.0    0.0    0.0   0.0   0.0   0.0 0.004    0.049
 83.0 27.45224 -0.133241  0.065899  0.493635 0.515530       0.0    0.0    0.0    0.0    0.0   0.0   0.0   0.0 0.034       0.0    0.0    0.0    0.0    0.0   0.0   0.0   0.0 0.062    0.109
 84.0 27.62687 -0.191994  0.131566  0.408840 0.470448       0.0    0.0    0.0    0.0    0.0   0.0   0.0   0.0 0.041       0.0    0.0    0.0    0.0    0.0   0.0   0.0   0.0 0.037    0.093
 85.0 27.56083 -0.250748  0.197233  0.324044 0.454731       0.0    0.0    0.0    0.0    0.0   0.0   0.0   0.0 0.003       0.0    0.0    0.0    0.0    0.0   0.0   0.0   0.0 0.009    0.030
 86.0 27.40656  0.043021 -0.131102  0.748022 0.760641       0.0    0.0    0.0    0.0    0.0   0.0   0.0   0.0 0.025       0.0    0.0    0.0    0.0    0.0   0.0   0.0   0.0 0.032    0.076
 87.0 27.61433 -0.015733 -0.065435  0.663226 0.666632       0.0    0.0    0.0    0.0    0.0   0.0   0.0   0.0 0.032       0.0    0.0    0.0    0.0    0.0   0.0   0.0   0.0 0.040    0.081
 88.0 27.38175 -0.074487  0.000232  0.578431 0.583207       0.0    0.0    0.0    0.0    0.0   0.0   0.0   0.0 0.060       0.0    0.0    0.0    0.0    0.0   0.0   0.0   0.0 0.038    0.114
 89.0 27.94064 -0.070122  0.129421  0.398884 0.425177       0.0    0.0    0.0    0.0    0.0   0.0   0.0   0.0 0.008       0.0    0.0    0.0    0.0    0.0   0.0   0.0   0.0 0.005    0.038
 90.0 27.68639 -0.128875  0.195088  0.314089 0.391561       0.0    0.0    0.0    0.0    0.0   0.0   0.0   0.0 0.012       0.0    0.0    0.0    0.0    0.0   0.0   0.0   0.0 0.013    0.045
 91.0 27.76862 -0.187629  0.260755  0.229293 0.394681       0.0    0.0    0.0    0.0    0.0   0.0   0.0   0.0 0.017       0.0    0.0    0.0    0.0    0.0   0.0   0.0   0.0 0.004    0.043
 92.0 27.90092  0.106139 -0.067580  0.653271 0.665279       0.0    0.0    0.0    0.0    0.0   0.0   0.0   0.0 0.007       0.0    0.0    0.0    0.0    0.0   0.0   0.0   0.0 0.005    0.032
 93.0 27.93828  0.047386 -0.001913  0.568476 0.570450       0.0    0.0    0.0    0.0    0.0   0.0   0.0   0.0 0.005       0.0    0.0    0.0    0.0    0.0   0.0   0.0   0.0 0.013    0.037
 94.0 27.36214 -0.011368  0.063754  0.483680 0.487996       0.0    0.0    0.0    0.0    0.0   0.0   0.0   0.0 0.061       0.0    0.0    0.0    0.0    0.0   0.0   0.0   0.0 0.050    0.127
 95.0 27.52062  0.010504 -0.289415 -0.456200 0.540361       0.0    0.0    0.0    0.0    0.0   0.0   0.0   0.0 0.023       0.0    0.0    0.0    0.0    0.0   0.0   0.0   0.0 0.052    0.086
 96.0 27.52851 -0.048250 -0.223748 -0.540996 0.587425       0.0    0.0    0.0    0.0    0.0   0.0   0.0   0.0 0.036       0.0    0.0    0.0    0.0    0.0   0.0   0.0   0.0 0.052    0.101
 97.0 27.76621 -0.107003 -0.158081 -0.625791 0.654259       0.0    0.0    0.0    0.0    0.0   0.0   0.0   0.0 0.015       0.0    0.0    0.0    0.0    0.0   0.0   0.0   0.0 0.021    0.053
 98.0 27.51089  0.186765 -0.486415 -0.201814 0.558758       0.0    0.0    0.0    0.0    0.0   0.0   0.0   0.0 0.044       0.0    0.0    0.0    0.0    0.0   0.0   0.0   0.0 0.015    0.075
 99.0 27.76621  0.128012 -0.420749 -0.286609 0.524939       0.0    0.0    0.0    0.0    0.0   0.0   0.0   0.0 0.015       0.0    0.0    0.0    0.0    0.0   0.0   0.0   0.0 0.021    0.053
100.0 27.52851  0.069258 -0.355082 -0.371405 0.518480       0.0    0.0    0.0    0.0    0.0   0.0   0.0   0.0 0.036       0.0    0.0    0.0    0.0    0.0   0.0   0.0   0.0 0.052    0.101
101.0 27.53759  0.073623 -0.225893 -0.550951 0.599996       0.0    0.0    0.0    0.0    0.0   0.0   0.0   0.0 0.110       0.0    0.0    0.0    0.0    0.0   0.0   0.0   0.0 0.117    0.246
102.0 27.75311  0.014869 -0.160226 -0.635747 0.655795       0.0    0.0    0.0    0.0    0.0   0.0   0.0   0.0 0.006       0.0    0.0    0.0    0.0    0.0   0.0   0.0   0.0 0.004    0.028
103.0 27.72566 -0.043884 -0.094559 -0.720542 0.728044       0.0    0.0    0.0    0.0    0.0   0.0   0.0   0.0 0.014       0.0    0.0    0.0    0.0    0.0   0.0   0.0   0.0 0.022    0.053
104.0 27.75180  0.249884 -0.422893 -0.296564 0.573787       0.0    0.0    0.0    0.0    0.0   0.0   0.0   0.0 0.001       0.0    0.0    0.0    0.0    0.0   0.0   0.0   0.0 0.013    0.037
105.0 27.49631  0.191131 -0.357226 -0.381360 0.556397       0.0    0.0    0.0    0.0    0.0   0.0   0.0   0.0 0.040       0.0    0.0    0.0    0.0    0.0   0.0   0.0   0.0 0.060    0.111
106.0 27.20314  0.132377 -0.291560 -0.466156 0.565537       0.0    0.0    0.0    0.0    0.0   0.0   0.0   0.0 0.083       0.0    0.0    0.0    0.0    0.0   0.0   0.0   0.0 0.043    0.141
107.0 27.53068  0.136742 -0.162370 -0.645702 0.679701       0.0    0.0    0.0    0.0    0.0   0.0   0.0   0.0 0.112       0.0    0.0    0.0    0.0    0.0   0.0   0.0   0.0 0.121    0.251
108.0 27.53948  0.077988 -0.096704 -0.730498 0.740986       0.0    0.0    0.0    0.0    0.0   0.0   0.0   0.0 0.043       0.0    0.0    0.0    0.0    0.0   0.0   0.0   0.0 0.050    0.107
109.0 27.50175  0.019235 -0.031037 -0.815293 0.816110       0.0    0.0    0.0    0.0    0.0   0.0   0.0   0.0 0.036       0.0    0.0    0.0    0.0    0.0   0.0   0.0   0.0 0.064    0.114
110.0 27.75036  0.254250 -0.293704 -0.476111 0.614481       0.0    0.0    0.0    0.0    0.0   0.0   0.0   0.0 0.006       0.0    0.0    0.0    0.0    0.0   0.0   0.0   0.0 0.000    0.026
111.0 27.60164  0.195496 -0.228037 -0.560907 0.636267       0.0    0.0    0.0    0.0    0.0   0.0   0.0   0.0 0.020       0.0    0.0    0.0    0.0    0.0   0.0   0.0   0.0 0.034    0.064
112.0 27.51646 -0.178853 -0.479981 -0.171948 0.540311       0.0    0.0    0.0    0.0    0.0   0.0   0.0   0.0 0.010       0.0    0.0    0.0    0.0    0.0   0.0   0.0   0.0 0.047    0.070
113.0 27.19932 -0.237606 -0.414315 -0.256743 0.542246       0.0    0.0    0.0    0.0    0.0   0.0   0.0   0.0 0.076       0.0    0.0    0.0    0.0    0.0   0.0   0.0   0.0 0.044    0.135
114.0 27.75723 -0.296360 -0.348648 -0.341539 0.570993       0.0    0.0    0.0    0.0    0.0   0.0   0.0   0.0 0.006       0.0    0.0    0.0    0.0    0.0   0.0   0.0   0.0 0.000    0.023
115.0 27.75723 -0.061345 -0.611315 -0.002356 0.614390       0.0    0.0    0.0    0.0    0.0   0.0   0.0   0.0 0.006       0.0    0.0    0.0    0.0    0.0   0.0   0.0   0.0 0.000    0.023
116.0 27.19932 -0.120099 -0.545648 -0.087152 0.565466       0.0    0.0    0.0    0.0    0.0   0.0   0.0   0.0 0.076       0.0    0.0    0.0    0.0    0.0   0.0   0.0   0.0 0.044    0.135
117.0 27.53068 -0.115734 -0.416459 -0.266698 0.507898       0.0    0.0    0.0    0.0    0.0   0.0   0.0   0.0 0.112       0.0    0.0    0.0    0.0    0.0   0.0   0.0   0.0 0.121    0.251
118.0 27.60164 -0.174487 -0.350792 -0.351494 0.526355       0.0    0.0    0.0    0.0    0.0   0.0   0.0   0.0 0.020       0.0    0.0    0.0    0.0    0.0   0.0   0.0   0.0 0.034    0.064
119.0 27.75036 -0.233241 -0.285125 -0.436290 0.571005       0.0    0.0    0.0    0.0    0.0   0.0   0.0   0.0 0.006       0.0    0.0    0.0    0.0    0.0   0.0   0.0   0.0 0.000    0.026
120.0 27.50175  0.001774 -0.547793 -0.097107 0.556336       0.0    0.0    0.0    0.0    0.0   0.0   0.0   0.0 0.036       0.0    0.0    0.0    0.0    0.0   0.0   0.0   0.0 0.064    0.114
121.0 27.53948 -0.056980 -0.482126 -0.181903 0.518441       0.0    0.0    0.0    0.0    0.0   0.0   0.0   0.0 0.043       0.0    0.0    0.0    0.0    0.0   0.0   0.0   0.0 0.050    0.107
122.0 27.53759 -0.052615 -0.352937 -0.361449 0.507916       0.0    0.0    0.0    0.0    0.0   0.0   0.0   0.0 0.110       0.0    0.0    0.0    0.0    0.0   0.0   0.0   0.0 0.117    0.246
123.0 27.20314 -0.111368 -0.287270 -0.446245 0.542274       0.0    0.0    0.0    0.0    0.0   0.0   0.0   0.0 0.083       0.0    0.0    0.0    0.0    0.0   0.0   0.0   0.0 0.043    0.141
124.0 27.49631 -0.170122 -0.221603 -0.531040 0.600045       0.0    0.0    0.0    0.0    0.0   0.0   0.0   0.0 0.040       0.0    0.0    0.0    0.0    0.0   0.0   0.0   0.0 0.060    0.111
125.0 27.75180  0.123647 -0.549938 -0.107063 0.573744       0.0    0.0    0.0    0.0    0.0   0.0   0.0   0.0 0.001       0.0    0.0    0.0    0.0    0.0   0.0   0.0   0.0 0.013    0.037
126.0 27.72566  0.064893 -0.484271 -0.191858 0.524918       0.0    0.0    0.0    0.0    0.0   0.0   0.0   0.0 0.014       0.0    0.0    0.0    0.0    0.0   0.0   0.0   0.0 0.022    0.053
127.0 27.75311  0.006139 -0.418604 -0.276654 0.501801       0.0    0.0    0.0    0.0    0.0   0.0   0.0   0.0 0.006       0.0    0.0    0.0    0.0    0.0   0.0   0.0   0.0 0.004    0.028
128.0 28.00945  0.007003 -0.192943 -0.304134 0.360241       0.0    0.0    0.0    0.0    0.0   0.0   0.0   0.0 0.015       0.0    0.0    0.0    0.0    0.0   0.0   0.0   0.0 0.032    0.064
129.0 27.90494 -0.051751 -0.127276 -0.388929 0.412484       0.0    0.0    0.0    0.0    0.0   0.0   0.0   0.0 0.001       0.0    0.0    0.0    0.0    0.0   0.0   0.0   0.0 0.000    0.016
130.0 27.63744 -0.110505 -0.061609 -0.473725 0.490329       0.0    0.0    0.0    0.0    0.0   0.0   0.0   0.0 0.040       0.0    0.0    0.0    0.0    0.0   0.0   0.0   0.0 0.037    0.090
131.0 27.91865  0.183264 -0.389944 -0.049747 0.433724       0.0    0.0    0.0    0.0    0.0   0.0   0.0   0.0 0.021       0.0    0.0    0.0    0.0    0.0   0.0   0.0   0.0 0.003    0.042
132.0 27.53555  0.124510 -0.324277 -0.134542 0.372505       0.0    0.0    0.0    0.0    0.0   0.0   0.0   0.0 0.072       0.0    0.0    0.0    0.0    0.0   0.0   0.0   0.0 0.015    0.105
133.0 27.82712  0.065757 -0.258610 -0.219338 0.345416       0.0    0.0    0.0    0.0    0.0   0.0   0.0   0.0 0.019       0.0    0.0    0.0    0.0    0.0   0.0   0.0   0.0 0.012    0.048
134.0 27.94064  0.070122 -0.129421 -0.398884 0.425177       0.0    0.0    0.0    0.0    0.0   0.0   0.0   0.0 0.008       0.0    0.0    0.0    0.0    0.0   0.0   0.0   0.0 0.005    0.038
135.0 27.36214  0.011368 -0.063754 -0.483680 0.487996       0.0    0.0    0.0    0.0    0.0   0.0   0.0   0.0 0.061       0.0    0.0    0.0    0.0    0.0   0.0   0.0   0.0 0.050    0.127
136.0 27.93828 -0.047386  0.001913 -0.568476 0.570450       0.0    0.0    0.0    0.0    0.0   0.0   0.0   0.0 0.005       0.0    0.0    0.0    0.0    0.0   0.0   0.0   0.0 0.013    0.037
137.0 27.90092  0.246383 -0.326422 -0.144498 0.433746       0.0    0.0    0.0    0.0    0.0   0.0   0.0   0.0 0.007       0.0    0.0    0.0    0.0    0.0   0.0   0.0   0.0 0.005    0.032
138.0 27.76862  0.187629 -0.260755 -0.229293 0.394681       0.0    0.0    0.0    0.0    0.0   0.0   0.0   0.0 0.017       0.0    0.0    0.0    0.0    0.0   0.0   0.0   0.0 0.004    0.043
139.0 27.68639  0.128875 -0.195088 -0.314089 0.391561       0.0    0.0    0.0    0.0    0.0   0.0   0.0   0.0 0.012       0.0    0.0    0.0    0.0    0.0   0.0   0.0   0.0 0.013    0.045
140.0 27.45224  0.133241 -0.065899 -0.493635 0.515530       0.0    0.0    0.0    0.0    0.0   0.0   0.0   0.0 0.034       0.0    0.0    0.0    0.0    0.0   0.0   0.0   0.0 0.062    0.109
141.0 27.38175  0.074487 -0.000232 -0.578431 0.583207       0.0    0.0    0.0    0.0    0.0   0.0   0.0   0.0 0.060       0.0    0.0    0.0    0.0    0.0   0.0   0.0   0.0 0.038    0.114
142.0 27.61433  0.015733  0.065435 -0.663226 0.666632       0.0    0.0    0.0    0.0    0.0   0.0   0.0   0.0 0.032       0.0    0.0    0.0    0.0    0.0   0.0   0.0   0.0 0.040    0.081
143.0 27.40656  0.309502 -0.262899 -0.239249 0.471325       0.0    0.0    0.0    0.0    0.0   0.0   0.0   0.0 0.025       0.0    0.0    0.0    0.0    0.0   0.0   0.0   0.0 0.032    0.076
144.0 27.56083  0.250748 -0.197233 -0.324044 0.454731       0.0    0.0    0.0    0.0    0.0   0.0   0.0   0.0 0.003       0.0    0.0    0.0    0.0    0.0   0.0   0.0   0.0 0.009    0.030
145.0 27.62687  0.191994 -0.131566 -0.408840 0.470448       0.0    0.0    0.0    0.0    0.0   0.0   0.0   0.0 0.041       0.0    0.0    0.0    0.0    0.0   0.0   0.0   0.0 0.037    0.093
146.0 27.93394 -0.182354 -0.383510 -0.019881 0.425121       0.0    0.0    0.0    0.0    0.0   0.0   0.0   0.0 0.011       0.0    0.0    0.0    0.0    0.0   0.0   0.0   0.0 0.005    0.037
147.0 27.53242 -0.006093 -0.580511  0.234506 0.626117       0.0    0.0    0.0    0.0    0.0   0.0   0.0   0.0 0.019       0.0    0.0    0.0    0.0    0.0   0.0   0.0   0.0 0.004    0.049
148.0 27.40610 -0.064847 -0.514844  0.149710 0.540076       0.0    0.0    0.0    0.0    0.0   0.0   0.0   0.0 0.023       0.0    0.0    0.0    0.0    0.0   0.0   0.0   0.0 0.025    0.065
149.0 27.61342 -0.123600 -0.449177  0.064915 0.470373       0.0    0.0    0.0    0.0    0.0   0.0   0.0   0.0 0.044       0.0    0.0    0.0    0.0    0.0   0.0   0.0   0.0 0.037    0.098
150.0 28.02302 -0.119235 -0.319988 -0.114632 0.360208       0.0    0.0    0.0    0.0    0.0   0.0   0.0   0.0 0.019       0.0    0.0    0.0    0.0    0.0   0.0   0.0   0.0 0.031    0.067
151.0 27.57683 -0.177989 -0.254321 -0.199427 0.368958       0.0    0.0    0.0    0.0    0.0   0.0   0.0   0.0 0.001       0.0    0.0    0.0    0.0    0.0   0.0   0.0   0.0 0.000    0.013
152.0 26.79863 -0.236743 -0.188654 -0.284223 0.415235       0.0    0.0    0.0    0.0    0.0   0.0   0.0   0.0 0.018       0.0    0.0    0.0    0.0    0.0   0.0   0.0   0.0 0.002    0.038
153.0 27.52631  0.057026 -0.516988  0.139755 0.538573       0.0    0.0    0.0    0.0    0.0   0.0   0.0   0.0 0.017       0.0    0.0    0.0    0.0    0.0   0.0   0.0   0.0 0.008    0.048
154.0 27.56872 -0.001728 -0.451321  0.054959 0.454659       0.0    0.0    0.0    0.0    0.0   0.0   0.0   0.0 0.008       0.0    0.0    0.0    0.0    0.0   0.0   0.0   0.0 0.010    0.034
155.0 27.69239 -0.060481 -0.385655 -0.029836 0.391507       0.0    0.0    0.0    0.0    0.0   0.0   0.0   0.0 0.013       0.0    0.0    0.0    0.0    0.0   0.0   0.0   0.0 0.013    0.047
156.0 28.03043 -0.056116 -0.256465 -0.209383 0.335804       0.0    0.0    0.0    0.0    0.0   0.0   0.0   0.0 0.016       0.0    0.0    0.0    0.0    0.0   0.0   0.0   0.0 0.041    0.072
157.0 27.57313 -0.114870 -0.190799 -0.294178 0.368972       0.0    0.0    0.0    0.0    0.0   0.0   0.0   0.0 0.001       0.0    0.0    0.0    0.0    0.0   0.0   0.0   0.0 0.000    0.015
158.0 27.40876  0.120145 -0.453466  0.045004 0.471266       0.0    0.0    0.0    0.0    0.0   0.0   0.0   0.0 0.030       0.0    0.0    0.0    0.0    0.0   0.0   0.0   0.0 0.034    0.082
159.0 27.76593  0.061391 -0.387799 -0.039791 0.394640       0.0    0.0    0.0    0.0    0.0   0.0   0.0   0.0 0.015       0.0    0.0    0.0    0.0    0.0   0.0   0.0   0.0 0.008    0.043
160.0 27.81751  0.002638 -0.322132 -0.124587 0.345396       0.0    0.0    0.0    0.0    0.0   0.0   0.0   0.0 0.017       0.0    0.0    0.0    0.0    0.0   0.0   0.0   0.0 0.012    0.050
161.0 28.03925  0.003501 -0.096472 -0.152067 0.180120       0.0    0.0    0.0    0.0    0.0   0.0   0.0   0.0 0.016       0.0    0.0    0.0    0.0    0.0   0.0   0.0   0.0 0.017    0.050
162.0 28.20420 -0.055252 -0.030805 -0.236862 0.245164       0.0    0.0    0.0    0.0    0.0   0.0   0.0   0.0 0.010       0.0    0.0    0.0    0.0    0.0   0.0   0.0   0.0 0.045    0.065
163.0 27.98405 -0.114006  0.034862 -0.321658 0.343040       0.0    0.0    0.0    0.0    0.0   0.0   0.0   0.0 0.018       0.0    0.0    0.0    0.0    0.0   0.0   0.0   0.0 0.070    0.102
164.0 27.73160  0.179763 -0.293472  0.102320 0.359040       0.0    0.0    0.0    0.0    0.0   0.0   0.0   0.0 0.040       0.0    0.0    0.0    0.0    0.0   0.0   0.0   0.0 0.019    0.073
165.0 27.87003  0.121009 -0.227805  0.017524 0.258545       0.0    0.0    0.0    0.0    0.0   0.0   0.0   0.0 0.002       0.0    0.0    0.0    0.0    0.0   0.0   0.0   0.0 0.006    0.027
166.0 28.38090  0.062255 -0.162138 -0.067271 0.186253       0.0    0.0    0.0    0.0    0.0   0.0   0.0   0.0 0.025       0.0    0.0    0.0    0.0    0.0   0.0   0.0   0.0 0.034    0.063
167.0 27.90033  0.066620 -0.032949 -0.246818 0.257765       0.0    0.0    0.0    0.0    0.0   0.0   0.0   0.0 0.051       0.0    0.0    0.0    0.0    0.0   0.0   0.0   0.0 0.048    0.114
168.0 27.90481  0.007867  0.032717 -0.331613 0.333316       0.0    0.0    0.0    0.0    0.0   0.0   0.0   0.0 0.025       0.0    0.0    0.0    0.0    0.0   0.0   0.0   0.0 0.050    0.088
169.0 27.65365 -0.050887  0.098384 -0.416409 0.430889       0.0    0.0    0.0    0.0    0.0   0.0   0.0   0.0 0.020       0.0    0.0    0.0    0.0    0.0   0.0   0.0   0.0 0.019    0.057
170.0 27.87933  0.184128 -0.164283 -0.077227 0.258565       0.0    0.0    0.0    0.0    0.0   0.0   0.0   0.0 0.007       0.0    0.0    0.0    0.0    0.0   0.0   0.0   0.0 0.008    0.031
171.0 28.24066  0.125374 -0.098616 -0.162022 0.227365       0.0    0.0    0.0    0.0    0.0   0.0   0.0   0.0 0.010       0.0    0.0    0.0    0.0    0.0   0.0   0.0   0.0 0.012    0.031
172.0 27.96699  0.129739  0.030573 -0.341569 0.366655       0.0    0.0    0.0    0.0    0.0   0.0   0.0   0.0 0.016       0.0    0.0    0.0    0.0    0.0   0.0   0.0   0.0 0.030    0.063
173.0 27.70174  0.070986  0.096240 -0.426364 0.442818       0.0    0.0    0.0    0.0    0.0   0.0   0.0   0.0 0.038       0.0    0.0    0.0    0.0    0.0   0.0   0.0   0.0 0.066    0.116
174.0 27.67578  0.012232  0.161907 -0.511160 0.536328       0.0    0.0    0.0    0.0    0.0   0.0   0.0   0.0 0.019       0.0    0.0    0.0    0.0    0.0   0.0   0.0   0.0 0.022    0.060
175.0 27.69370  0.306001 -0.166428 -0.087182 0.359076       0.0    0.0    0.0    0.0    0.0   0.0   0.0   0.0 0.036       0.0    0.0    0.0    0.0    0.0   0.0   0.0   0.0 0.028    0.080
176.0 27.85488  0.247247 -0.100761 -0.171977 0.317585       0.0    0.0    0.0    0.0    0.0   0.0   0.0   0.0 0.011       0.0    0.0    0.0    0.0    0.0   0.0   0.0   0.0 0.015    0.044
177.0 28.07296  0.188493 -0.035094 -0.256773 0.320458       0.0    0.0    0.0    0.0    0.0   0.0   0.0   0.0 0.010       0.0    0.0    0.0    0.0    0.0   0.0   0.0   0.0 0.004    0.033
178.0 27.96978 -0.185855 -0.287038  0.132186 0.366615       0.0    0.0    0.0    0.0    0.0   0.0   0.0   0.0 0.015       0.0    0.0    0.0    0.0    0.0   0.0   0.0   0.0 0.033    0.063
179.0 27.91395 -0.244609 -0.221371  0.047390 0.333294       0.0    0.0    0.0    0.0    0.0   0.0   0.0   0.0 0.030       0.0    0.0    0.0    0.0    0.0   0.0   0.0   0.0 0.055    0.091
180.0 27.97618 -0.303363 -0.155704 -0.037405 0.343034       0.0    0.0    0.0    0.0    0.0   0.0   0.0   0.0 0.019       0.0    0.0    0.0    0.0    0.0   0.0   0.0   0.0 0.061    0.093
181.0 27.92257 -0.009594 -0.484039  0.386573 0.619535       0.0    0.0    0.0    0.0    0.0   0.0   0.0   0.0 0.008       0.0    0.0    0.0    0.0    0.0   0.0   0.0   0.0 0.002    0.037
182.0 27.54261 -0.068348 -0.418372  0.301777 0.520361       0.0    0.0    0.0    0.0    0.0   0.0   0.0   0.0 0.025       0.0    0.0    0.0    0.0    0.0   0.0   0.0   0.0 0.009    0.053
183.0 27.86302 -0.122736 -0.223516  0.037435 0.257731       0.0    0.0    0.0    0.0    0.0   0.0   0.0   0.0 0.035       0.0    0.0    0.0    0.0    0.0   0.0   0.0   0.0 0.057    0.105
184.0 28.19837 -0.181490 -0.157849 -0.047361 0.245149       0.0    0.0    0.0    0.0    0.0   0.0   0.0   0.0 0.011       0.0    0.0    0.0    0.0    0.0   0.0   0.0   0.0 0.037    0.060
185.0 27.91396 -0.240244 -0.092182 -0.132156 0.289275       0.0    0.0    0.0    0.0    0.0   0.0   0.0   0.0 0.007       0.0    0.0    0.0    0.0    0.0   0.0   0.0   0.0 0.000    0.034
186.0 27.78382  0.053525 -0.420517  0.291822 0.514645       0.0    0.0    0.0    0.0    0.0   0.0   0.0   0.0 0.065       0.0    0.0    0.0    0.0    0.0   0.0   0.0   0.0 0.045    0.122
187.0 27.54362 -0.005229 -0.354850  0.207026 0.410860       0.0    0.0    0.0    0.0    0.0   0.0   0.0   0.0 0.027       0.0    0.0    0.0    0.0    0.0   0.0   0.0   0.0 0.018    0.064
188.0 28.07549 -0.063983 -0.289183  0.122231 0.320407       0.0    0.0    0.0    0.0    0.0   0.0   0.0   0.0 0.011       0.0    0.0    0.0    0.0    0.0   0.0   0.0   0.0 0.003    0.035
189.0 28.01427 -0.059618 -0.159994 -0.057316 0.180104       0.0    0.0    0.0    0.0    0.0   0.0   0.0   0.0 0.017       0.0    0.0    0.0    0.0    0.0   0.0   0.0   0.0 0.026    0.054
190.0 27.93709 -0.177125 -0.028660 -0.226907 0.289277       0.0    0.0    0.0    0.0    0.0   0.0   0.0   0.0 0.009       0.0    0.0    0.0    0.0    0.0   0.0   0.0   0.0 0.004    0.037
191.0 27.92757  0.116644 -0.356994  0.197071 0.424132       0.0    0.0    0.0    0.0    0.0   0.0   0.0   0.0 0.006       0.0    0.0    0.0    0.0    0.0   0.0   0.0   0.0 0.001    0.037
192.0 27.84412  0.057890 -0.291328  0.112275 0.317535       0.0    0.0    0.0    0.0    0.0   0.0   0.0   0.0 0.011       0.0    0.0    0.0    0.0    0.0   0.0   0.0   0.0 0.015    0.046
193.0 28.24010 -0.000864 -0.225661  0.027480 0.227329       0.0    0.0    0.0    0.0    0.0   0.0   0.0   0.0 0.008       0.0    0.0    0.0    0.0    0.0   0.0   0.0   0.0 0.011    0.031