   ik    e(ev)        kx        ky        kz   abs(k)  AgDx2-y2  AgDxy  AgDxz  AgDyz  AgDz2  AgPx  AgPy  AgPz   AgS  AuDx2-y2  AuDxy  AuDxz  AuDyz  AuDz2  AuPx  AuPy  AuPz   AuS  |psi|^2
  1.0 29.95148  0.000000  0.000000  0.000000 0.000000       0.0    0.0    0.0    0.0    0.0   0.0   0.0   0.0 0.001       0.0    0.0    0.0    0.0    0.0   0.0   0.0   0.0 0.001    0.012
  2.0 29.77110 -0.058754  0.065667 -0.084796 0.122288       0.0    0.0    0.0    0.0    0.0   0.0   0.0   0.0 0.005       0.0    0.0    0.0    0.0    0.0   0.0   0.0   0.0 0.002    0.022
  3.0 29.82470  0.176261 -0.197001  0.254387 0.366865       0.0    0.0    0.0    0.0    0.0   0.0   0.0   0.0 0.002       0.0    0.0    0.0    0.0    0.0   0.0   0.0   0.0 0.000    0.012
  4.0 29.77110  0.058754 -0.065667  0.084796 0.122288       0.0    0.0    0.0    0.0    0.0   0.0   0.0   0.0 0.005       0.0    0.0    0.0    0.0    0.0   0.0   0.0   0.0 0.002    0.022
  5.0 30.03763  0.239380 -0.133478  0.159636 0.317180       0.0    0.0    0.0    0.0    0.0   0.0   0.0   0.0 0.004       0.0    0.0    0.0    0.0    0.0   0.0   0.0   0.0 0.000    0.024
  6.0 29.73718  0.180626 -0.067812  0.074840 0.206943       0.0    0.0    0.0    0.0    0.0   0.0   0.0   0.0 0.008       0.0    0.0    0.0    0.0    0.0   0.0   0.0   0.0 0.001    0.026
  7.0 29.77068  0.121873 -0.002145 -0.009955 0.122297       0.0    0.0    0.0    0.0    0.0   0.0   0.0   0.0 0.005       0.0    0.0    0.0    0.0    0.0   0.0   0.0   0.0 0.003    0.022
  8.0 29.94524  0.126238  0.127044 -0.189502 0.260744       0.0    0.0    0.0    0.0    0.0   0.0   0.0   0.0 0.027       0.0    0.0    0.0    0.0    0.0   0.0   0.0   0.0 0.008    0.047
  9.0 30.02250  0.302499 -0.069956  0.064885 0.317190       0.0    0.0    0.0    0.0    0.0   0.0   0.0   0.0 0.004       0.0    0.0    0.0    0.0    0.0   0.0   0.0   0.0 0.000    0.024
 10.0 29.92074  0.243745 -0.004289 -0.019911 0.244595       0.0    0.0    0.0    0.0    0.0   0.0   0.0   0.0 0.001       0.0    0.0    0.0    0.0    0.0   0.0   0.0   0.0 0.000    0.013
 11.0 29.83307 -0.013096 -0.387567  0.538639 0.663711       0.0    0.0    0.0    0.0    0.0   0.0   0.0   0.0 0.002       0.0    0.0    0.0    0.0    0.0   0.0   0.0   0.0 0.000    0.012
 12.0 29.94524 -0.126238 -0.127044  0.189502 0.260744       0.0    0.0    0.0    0.0    0.0   0.0   0.0   0.0 0.027       0.0    0.0    0.0    0.0    0.0   0.0   0.0   0.0 0.008    0.047
 13.0 29.92074 -0.243745  0.004289  0.019911 0.244595       0.0    0.0    0.0    0.0    0.0   0.0   0.0   0.0 0.001       0.0    0.0    0.0    0.0    0.0   0.0   0.0   0.0 0.000    0.013
 14.0 30.02250  0.050023 -0.324045  0.443889 0.551856       0.0    0.0    0.0    0.0    0.0   0.0   0.0   0.0 0.004       0.0    0.0    0.0    0.0    0.0   0.0   0.0   0.0 0.000    0.024
 15.0 29.77068 -0.121873  0.002145  0.009955 0.122297       0.0    0.0    0.0    0.0    0.0   0.0   0.0   0.0 0.005       0.0    0.0    0.0    0.0    0.0   0.0   0.0   0.0 0.003    0.022
 16.0 29.73718 -0.180626  0.067812 -0.074840 0.206943       0.0    0.0    0.0    0.0    0.0   0.0   0.0   0.0 0.008       0.0    0.0    0.0    0.0    0.0   0.0   0.0   0.0 0.001    0.026
 17.0 30.03763  0.113142 -0.260523  0.349138 0.450078       0.0    0.0    0.0    0.0    0.0   0.0   0.0   0.0 0.004       0.0    0.0    0.0    0.0    0.0   0.0   0.0   0.0 0.000    0.024
 18.0 29.65453 -0.003501  0.096472  0.152067 0.180120       0.0    0.0    0.0    0.0    0.0   0.0   0.0   0.0 0.001       0.0    0.0    0.0    0.0    0.0   0.0   0.0   0.0 0.000    0.013
 19.0 29.81638 -0.062255  0.162138  0.067271 0.186253       0.0    0.0    0.0    0.0    0.0   0.0   0.0   0.0 0.015       0.0    0.0    0.0    0.0    0.0   0.0   0.0   0.0 0.005    0.034
 20.0 29.65919  0.055252  0.030805  0.236862 0.245164       0.0    0.0    0.0    0.0    0.0   0.0   0.0   0.0 0.004       0.0    0.0    0.0    0.0    0.0   0.0   0.0   0.0 0.000    0.023
 21.0 29.63151  0.235879 -0.037007  0.311703 0.392641       0.0    0.0    0.0    0.0    0.0   0.0   0.0   0.0 0.004       0.0    0.0    0.0    0.0    0.0   0.0   0.0   0.0 0.000    0.024
 22.0 29.69471  0.177125  0.028660  0.226907 0.289277       0.0    0.0    0.0    0.0    0.0   0.0   0.0   0.0 0.002       0.0    0.0    0.0    0.0    0.0   0.0   0.0   0.0 0.004    0.025
 23.0 29.65396  0.118371  0.094327  0.142111 0.207617       0.0    0.0    0.0    0.0    0.0   0.0   0.0   0.0 0.004       0.0    0.0    0.0    0.0    0.0   0.0   0.0   0.0 0.003    0.024
 24.0 29.80800  0.063983  0.289183 -0.122231 0.320407       0.0    0.0    0.0    0.0    0.0   0.0   0.0   0.0 0.003       0.0    0.0    0.0    0.0    0.0   0.0   0.0   0.0 0.002    0.026
 25.0 29.50025  0.298998  0.026515  0.216952 0.370366       0.0    0.0    0.0    0.0    0.0   0.0   0.0   0.0 0.004       0.0    0.0    0.0    0.0    0.0   0.0   0.0   0.0 0.000    0.023
 26.0 29.70496  0.240244  0.092182  0.132156 0.289275       0.0    0.0    0.0    0.0    0.0   0.0   0.0   0.0 0.004       0.0    0.0    0.0    0.0    0.0   0.0   0.0   0.0 0.003    0.026
 27.0 29.67659  0.181490  0.157849  0.047361 0.245149       0.0    0.0    0.0    0.0    0.0   0.0   0.0   0.0 0.009       0.0    0.0    0.0    0.0    0.0   0.0   0.0   0.0 0.002    0.026
 28.0 29.75194 -0.192858 -0.094095  0.436319 0.486233       0.0    0.0    0.0    0.0    0.0   0.0   0.0   0.0 0.001       0.0    0.0    0.0    0.0    0.0   0.0   0.0   0.0 0.000    0.020
 29.0 29.63307 -0.251612 -0.028428  0.351524 0.433227       0.0    0.0    0.0    0.0    0.0   0.0   0.0   0.0 0.004       0.0    0.0    0.0    0.0    0.0   0.0   0.0   0.0 0.002    0.022
 30.0 29.64669 -0.016597 -0.291096  0.690706 0.749725       0.0    0.0    0.0    0.0    0.0   0.0   0.0   0.0 0.009       0.0    0.0    0.0    0.0    0.0   0.0   0.0   0.0 0.001    0.025
 31.0 29.99531 -0.134104 -0.159762  0.521115 0.561310       0.0    0.0    0.0    0.0    0.0   0.0   0.0   0.0 0.003       0.0    0.0    0.0    0.0    0.0   0.0   0.0   0.0 0.000    0.015
 32.0 29.74962 -0.129739 -0.030573  0.341569 0.366655       0.0    0.0    0.0    0.0    0.0   0.0   0.0   0.0 0.002       0.0    0.0    0.0    0.0    0.0   0.0   0.0   0.0 0.000    0.020
 33.0 29.81803 -0.188493  0.035094  0.256773 0.320458       0.0    0.0    0.0    0.0    0.0   0.0   0.0   0.0 0.005       0.0    0.0    0.0    0.0    0.0   0.0   0.0   0.0 0.003    0.027
 34.0 30.21363 -0.012232 -0.161907  0.511160 0.536328       0.0    0.0    0.0    0.0    0.0   0.0   0.0   0.0 0.002       0.0    0.0    0.0    0.0    0.0   0.0   0.0   0.0 0.001    0.024
 35.0 30.23614  0.050887 -0.098384  0.416409 0.430889       0.0    0.0    0.0    0.0    0.0   0.0   0.0   0.0 0.003       0.0    0.0    0.0    0.0    0.0   0.0   0.0   0.0 0.000    0.023
 36.0 29.98399 -0.007867 -0.032717  0.331613 0.333316       0.0    0.0    0.0    0.0    0.0   0.0   0.0   0.0 0.002       0.0    0.0    0.0    0.0    0.0   0.0   0.0   0.0 0.000    0.015
 37.0 29.24848 -0.007003  0.192943  0.304134 0.360241       0.0    0.0    0.0    0.0    0.0   0.0   0.0   0.0 0.004       0.0    0.0    0.0    0.0    0.0   0.0   0.0   0.0 0.000    0.017
 38.0 29.34416 -0.065757  0.258610  0.219338 0.345416       0.0    0.0    0.0    0.0    0.0   0.0   0.0   0.0 0.010       0.0    0.0    0.0    0.0    0.0   0.0   0.0   0.0 0.009    0.036
 39.0 29.66493 -0.124510  0.324277  0.134542 0.372505       0.0    0.0    0.0    0.0    0.0   0.0   0.0   0.0 0.000       0.0    0.0    0.0    0.0    0.0   0.0   0.0   0.0 0.016    0.022
 40.0 29.65887  0.169258 -0.004057  0.558520 0.583618       0.0    0.0    0.0    0.0    0.0   0.0   0.0   0.0 0.010       0.0    0.0    0.0    0.0    0.0   0.0   0.0   0.0 0.002    0.033
 41.0 29.50530  0.110505  0.061609  0.473725 0.490329       0.0    0.0    0.0    0.0    0.0   0.0   0.0   0.0 0.010       0.0    0.0    0.0    0.0    0.0   0.0   0.0   0.0 0.005    0.033
 42.0 29.34457 -0.002638  0.322132  0.124587 0.345396       0.0    0.0    0.0    0.0    0.0   0.0   0.0   0.0 0.006       0.0    0.0    0.0    0.0    0.0   0.0   0.0   0.0 0.009    0.027
 43.0 29.61736  0.173624  0.125132  0.378974 0.435229       0.0    0.0    0.0    0.0    0.0   0.0   0.0   0.0 0.002       0.0    0.0    0.0    0.0    0.0   0.0   0.0   0.0 0.000    0.018
 44.0 29.78089  0.114870  0.190799  0.294178 0.368972       0.0    0.0    0.0    0.0    0.0   0.0   0.0   0.0 0.002       0.0    0.0    0.0    0.0    0.0   0.0   0.0   0.0 0.000    0.013
 45.0 29.24935  0.119235  0.319988  0.114632 0.360208       0.0    0.0    0.0    0.0    0.0   0.0   0.0   0.0 0.004       0.0    0.0    0.0    0.0    0.0   0.0   0.0   0.0 0.000    0.016
 46.0 29.32907  0.295496  0.122987  0.369018 0.488486       0.0    0.0    0.0    0.0    0.0   0.0   0.0   0.0 0.010       0.0    0.0    0.0    0.0    0.0   0.0   0.0   0.0 0.004    0.038
 47.0 29.54971  0.236743  0.188654  0.284223 0.415235       0.0    0.0    0.0    0.0    0.0   0.0   0.0   0.0 0.004       0.0    0.0    0.0    0.0    0.0   0.0   0.0   0.0 0.000    0.014
 48.0 29.33075 -0.255113  0.068043  0.503591 0.568609       0.0    0.0    0.0    0.0    0.0   0.0   0.0   0.0 0.005       0.0    0.0    0.0    0.0    0.0   0.0   0.0   0.0 0.011    0.032
 49.0 29.32298 -0.020098 -0.194624  0.842773 0.865187       0.0    0.0    0.0    0.0    0.0   0.0   0.0   0.0 0.010       0.0    0.0    0.0    0.0    0.0   0.0   0.0   0.0 0.007    0.039
 50.0 29.60034 -0.078852 -0.128957  0.757977 0.772902       0.0    0.0    0.0    0.0    0.0   0.0   0.0   0.0 0.001       0.0    0.0    0.0    0.0    0.0   0.0   0.0   0.0 0.000    0.018
 51.0 29.48235 -0.133241  0.065899  0.493635 0.515530       0.0    0.0    0.0    0.0    0.0   0.0   0.0   0.0 0.004       0.0    0.0    0.0    0.0    0.0   0.0   0.0   0.0 0.000    0.019
 52.0 29.32642 -0.191994  0.131566  0.408840 0.470448       0.0    0.0    0.0    0.0    0.0   0.0   0.0   0.0 0.005       0.0    0.0    0.0    0.0    0.0   0.0   0.0   0.0 0.006    0.033
 53.0 29.51521 -0.015733 -0.065435  0.663226 0.666632       0.0    0.0    0.0    0.0    0.0   0.0   0.0   0.0 0.001       0.0    0.0    0.0    0.0    0.0   0.0   0.0   0.0 0.000    0.020
 54.0 29.49645 -0.070122  0.129421  0.398884 0.425177       0.0    0.0    0.0    0.0    0.0   0.0   0.0   0.0 0.001       0.0    0.0    0.0    0.0    0.0   0.0   0.0   0.0 0.000    0.010
 55.0 29.46708 -0.187629  0.260755  0.229293 0.394681       0.0    0.0    0.0    0.0    0.0   0.0   0.0   0.0 0.002       0.0    0.0    0.0    0.0    0.0   0.0   0.0   0.0 0.000    0.013
 56.0 29.64836  0.106139 -0.067580  0.653271 0.665279       0.0    0.0    0.0    0.0    0.0   0.0   0.0   0.0 0.001       0.0    0.0    0.0    0.0    0.0   0.0   0.0   0.0 0.000    0.014
 57.0 29.28138  0.047386 -0.001913  0.568476 0.570450       0.0    0.0    0.0    0.0    0.0   0.0   0.0   0.0 0.023       0.0    0.0    0.0    0.0    0.0   0.0   0.0   0.0 0.013    0.049
 58.0 29.07182 -0.048250 -0.223748 -0.540996 0.587425       0.0    0.0    0.0    0.0    0.0   0.0   0.0   0.0 0.001       0.0    0.0    0.0    0.0    0.0   0.0   0.0   0.0 0.000    0.015
 59.0 29.09076 -0.107003 -0.158081 -0.625791 0.654259       0.0    0.0    0.0    0.0    0.0   0.0   0.0   0.0 0.024       0.0    0.0    0.0    0.0    0.0   0.0   0.0   0.0 0.023    0.059
 60.0 29.18234  0.186765 -0.486415 -0.201814 0.558758       0.0    0.0    0.0    0.0    0.0   0.0   0.0   0.0 0.020       0.0    0.0    0.0    0.0    0.0   0.0   0.0   0.0 0.021    0.050
 61.0 29.09076  0.128012 -0.420749 -0.286609 0.524939       0.0    0.0    0.0    0.0    0.0   0.0   0.0   0.0 0.024       0.0    0.0    0.0    0.0    0.0   0.0   0.0   0.0 0.023    0.059
 62.0 29.07182  0.069258 -0.355082 -0.371405 0.518480       0.0    0.0    0.0    0.0    0.0   0.0   0.0   0.0 0.001       0.0    0.0    0.0    0.0    0.0   0.0   0.0   0.0 0.000    0.015
 63.0 29.20090  0.014869 -0.160226 -0.635747 0.655795       0.0    0.0    0.0    0.0    0.0   0.0   0.0   0.0 0.015       0.0    0.0    0.0    0.0    0.0   0.0   0.0   0.0 0.017    0.043
 64.0 29.09206 -0.043884 -0.094559 -0.720542 0.728044       0.0    0.0    0.0    0.0    0.0   0.0   0.0   0.0 0.024       0.0    0.0    0.0    0.0    0.0   0.0   0.0   0.0 0.024    0.059
 65.0 29.36520  0.191131 -0.357226 -0.381360 0.556397       0.0    0.0    0.0    0.0    0.0   0.0   0.0   0.0 0.001       0.0    0.0    0.0    0.0    0.0   0.0   0.0   0.0 0.000    0.014
 66.0 29.41947  0.254250 -0.293704 -0.476111 0.614481       0.0    0.0    0.0    0.0    0.0   0.0   0.0   0.0 0.015       0.0    0.0    0.0    0.0    0.0   0.0   0.0   0.0 0.005    0.044
 67.0 29.47009  0.195496 -0.228037 -0.560907 0.636267       0.0    0.0    0.0    0.0    0.0   0.0   0.0   0.0 0.015       0.0    0.0    0.0    0.0    0.0   0.0   0.0   0.0 0.005    0.034
 68.0 29.42286 -0.296360 -0.348648 -0.341539 0.570993       0.0    0.0    0.0    0.0    0.0   0.0   0.0   0.0 0.017       0.0    0.0    0.0    0.0    0.0   0.0   0.0   0.0 0.006    0.044
 69.0 29.63806 -0.002591 -0.676982  0.082439 0.681988       0.0    0.0    0.0    0.0    0.0   0.0   0.0   0.0 0.004       0.0    0.0    0.0    0.0    0.0   0.0   0.0   0.0 0.019    0.032
 70.0 29.42286 -0.061345 -0.611315 -0.002356 0.614390       0.0    0.0    0.0    0.0    0.0   0.0   0.0   0.0 0.017       0.0    0.0    0.0    0.0    0.0   0.0   0.0   0.0 0.006    0.044
 71.0 29.47009 -0.174487 -0.350792 -0.351494 0.526355       0.0    0.0    0.0    0.0    0.0   0.0   0.0   0.0 0.015       0.0    0.0    0.0    0.0    0.0   0.0   0.0   0.0 0.005    0.034
 72.0 29.41947 -0.233241 -0.285125 -0.436290 0.571005       0.0    0.0    0.0    0.0    0.0   0.0   0.0   0.0 0.015       0.0    0.0    0.0    0.0    0.0   0.0   0.0   0.0 0.005    0.044
 73.0 29.36520 -0.170122 -0.221603 -0.531040 0.600045       0.0    0.0    0.0    0.0    0.0   0.0   0.0   0.0 0.001       0.0    0.0    0.0    0.0    0.0   0.0   0.0   0.0 0.000    0.014
 74.0 29.09206  0.064893 -0.484271 -0.191858 0.524918       0.0    0.0    0.0    0.0    0.0   0.0   0.0   0.0 0.024       0.0    0.0    0.0    0.0    0.0   0.0   0.0   0.0 0.024    0.059
 75.0 29.20090  0.006139 -0.418604 -0.276654 0.501801       0.0    0.0    0.0    0.0    0.0   0.0   0.0   0.0 0.015       0.0    0.0    0.0    0.0    0.0   0.0   0.0   0.0 0.017    0.043
 76.0 29.24848  0.007003 -0.192943 -0.304134 0.360241       0.0    0.0    0.0    0.0    0.0   0.0   0.0   0.0 0.004       0.0    0.0    0.0    0.0    0.0   0.0   0.0   0.0 0.000    0.017
 77.0 29.50530 -0.110505 -0.061609 -0.473725 0.490329       0.0    0.0    0.0    0.0    0.0   0.0   0.0   0.0 0.010       0.0    0.0    0.0    0.0    0.0   0.0   0.0   0.0 0.005    0.033
 78.0 29.65887  0.183264 -0.389944 -0.049747 0.433724       0.0    0.0    0.0    0.0    0.0   0.0   0.0   0.0 0.010       0.0    0.0    0.0    0.0    0.0   0.0   0.0   0.0 0.002    0.033
 79.0 29.66493  0.124510 -0.324277 -0.134542 0.372505       0.0    0.0    0.0    0.0    0.0   0.0   0.0   0.0 0.000       0.0    0.0    0.0    0.0    0.0   0.0   0.0   0.0 0.016    0.022
 80.0 29.34416  0.065757 -0.258610 -0.219338 0.345416       0.0    0.0    0.0    0.0    0.0   0.0   0.0   0.0 0.010       0.0    0.0    0.0    0.0    0.0   0.0   0.0   0.0 0.009    0.036
 81.0 29.49645  0.070122 -0.129421 -0.398884 0.425177       0.0    0.0    0.0    0.0    0.0   0.0   0.0   0.0 0.001       0.0    0.0    0.0    0.0    0.0   0.0   0.0   0.0 0.000    0.010
 82.0 29.28138 -0.047386  0.001913 -0.568476 0.570450       0.0    0.0    0.0    0.0    0.0   0.0   0.0   0.0 0.023       0.0    0.0    0.0    0.0    0.0   0.0   0.0   0.0 0.013    0.049
 83.0 29.64836  0.246383 -0.326422 -0.144498 0.433746       0.0    0.0    0.0    0.0    0.0   0.0   0.0   0.0 0.001       0.0    0.0    0.0    0.0    0.0   0.0   0.0   0.0 0.000    0.014
 84.0 29.46708  0.187629 -0.260755 -0.229293 0.394681       0.0    0.0    0.0    0.0    0.0   0.0   0.0   0.0 0.002       0.0    0.0    0.0    0.0    0.0   0.0   0.0   0.0 0.000    0.013
 85.0 29.48235  0.133241 -0.065899 -0.493635 0.515530       0.0    0.0    0.0    0.0    0.0   0.0   0.0   0.0 0.004       0.0    0.0    0.0    0.0    0.0   0.0   0.0   0.0 0.000    0.019
 86.0 29.51521  0.015733  0.065435 -0.663226 0.666632       0.0    0.0    0.0    0.0    0.0   0.0   0.0   0.0 0.001       0.0    0.0    0.0    0.0    0.0   0.0   0.0   0.0 0.000    0.020
 87.0 29.32642  0.191994 -0.131566 -0.408840 0.470448       0.0    0.0    0.0    0.0    0.0   0.0   0.0   0.0 0.005       0.0    0.0    0.0    0.0    0.0   0.0   0.0   0.0 0.006    0.033
 88.0 29.60034 -0.299862 -0.252176 -0.189472 0.435212       0.0    0.0    0.0    0.0    0.0   0.0   0.0   0.0 0.001       0.0    0.0    0.0    0.0    0.0   0.0   0.0   0.0 0.000    0.018
 89.0 29.32298 -0.006093 -0.580511  0.234506 0.626117       0.0    0.0    0.0    0.0    0.0   0.0   0.0   0.0 0.010       0.0    0.0    0.0    0.0    0.0   0.0   0.0   0.0 0.007    0.039
 90.0 29.33075 -0.123600 -0.449177  0.064915 0.470373       0.0    0.0    0.0    0.0    0.0   0.0   0.0   0.0 0.005       0.0    0.0    0.0    0.0    0.0   0.0   0.0   0.0 0.011    0.032
 91.0 29.24935 -0.119235 -0.319988 -0.114632 0.360208       0.0    0.0    0.0    0.0    0.0   0.0   0.0   0.0 0.004       0.0    0.0    0.0    0.0    0.0   0.0   0.0   0.0 0.000    0.016
 92.0 29.54971 -0.236743 -0.188654 -0.284223 0.415235       0.0    0.0    0.0    0.0    0.0   0.0   0.0   0.0 0.004       0.0    0.0    0.0    0.0    0.0   0.0   0.0   0.0 0.000    0.014
 93.0 29.32907  0.057026 -0.516988  0.139755 0.538573       0.0    0.0    0.0    0.0    0.0   0.0   0.0   0.0 0.010       0.0    0.0    0.0    0.0    0.0   0.0   0.0   0.0 0.004    0.038
 94.0 29.78089 -0.114870 -0.190799 -0.294178 0.368972       0.0    0.0    0.0    0.0    0.0   0.0   0.0   0.0 0.002       0.0    0.0    0.0    0.0    0.0   0.0   0.0   0.0 0.000    0.013
 95.0 29.61736 -0.173624 -0.125132 -0.378974 0.435229       0.0    0.0    0.0    0.0    0.0   0.0   0.0   0.0 0.002       0.0    0.0    0.0    0.0    0.0   0.0   0.0   0.0 0.000    0.018
 96.0 29.34457  0.002638 -0.322132 -0.124587 0.345396       0.0    0.0    0.0    0.0    0.0   0.0   0.0   0.0 0.006       0.0    0.0    0.0    0.0    0.0   0.0   0.0   0.0 0.009    0.027
 97.0 29.65453  0.003501 -0.096472 -0.152067 0.180120       0.0    0.0    0.0    0.0    0.0   0.0   0.0   0.0 0.001       0.0    0.0    0.0    0.0    0.0   0.0   0.0   0.0 0.000    0.013
 98.0 29.65919 -0.055252 -0.030805 -0.236862 0.245164       0.0    0.0    0.0    0.0    0.0   0.0   0.0   0.0 0.004       0.0    0.0    0.0    0.0    0.0   0.0   0.0   0.0 0.000    0.023
 99.0 29.81638  0.062255 -0.162138 -0.067271 0.186253       0.0    0.0    0.0    0.0    0.0   0.0   0.0   0.0 0.015       0.0    0.0    0.0    0.0    0.0   0.0   0.0   0.0 0.005    0.034
100.0 29.98399  0.007867  0.032717 -0.331613 0.333316       0.0    0.0    0.0    0.0    0.0   0.0   0.0   0.0 0.002       0.0    0.0    0.0    0.0    0.0   0.0   0.0   0.0 0.000    0.015
101.0 30.23614 -0.050887  0.098384 -0.416409 0.430889       0.0    0.0    0.0    0.0    0.0   0.0   0.0   0.0 0.003       0.0    0.0    0.0    0.0    0.0   0.0   0.0   0.0 0.000    0.023
102.0 29.74962  0.129739  0.030573 -0.341569 0.366655       0.0    0.0    0.0    0.0    0.0   0.0   0.0   0.0 0.002       0.0    0.0    0.0    0.0    0.0   0.0   0.0   0.0 0.000    0.020
103.0 30.21363  0.012232  0.161907 -0.511160 0.536328       0.0    0.0    0.0    0.0    0.0   0.0   0.0   0.0 0.002       0.0    0.0    0.0    0.0    0.0   0.0   0.0   0.0 0.001    0.024
104.0 29.81803  0.188493 -0.035094 -0.256773 0.320458       0.0    0.0    0.0    0.0    0.0   0.0   0.0   0.0 0.005       0.0    0.0    0.0    0.0    0.0   0.0   0.0   0.0 0.003    0.027
105.0 29.75194 -0.185855 -0.287038  0.132186 0.366615       0.0    0.0    0.0    0.0    0.0   0.0   0.0   0.0 0.001       0.0    0.0    0.0    0.0    0.0   0.0   0.0   0.0 0.000    0.020
106.0 29.99531 -0.244609 -0.221371  0.047390 0.333294       0.0    0.0    0.0    0.0    0.0   0.0   0.0   0.0 0.003       0.0    0.0    0.0    0.0    0.0   0.0   0.0   0.0 0.000    0.015
107.0 29.64669 -0.009594 -0.484039  0.386573 0.619535       0.0    0.0    0.0    0.0    0.0   0.0   0.0   0.0 0.009       0.0    0.0    0.0    0.0    0.0   0.0   0.0   0.0 0.001    0.025
108.0 29.63307 -0.127102 -0.352705  0.216982 0.433171       0.0    0.0    0.0    0.0    0.0   0.0   0.0   0.0 0.004       0.0    0.0    0.0    0.0    0.0   0.0   0.0   0.0 0.002    0.022
109.0 29.67659 -0.181490 -0.157849 -0.047361 0.245149       0.0    0.0    0.0    0.0    0.0   0.0   0.0   0.0 0.009       0.0    0.0    0.0    0.0    0.0   0.0   0.0   0.0 0.002    0.026
110.0 29.70496 -0.240244 -0.092182 -0.132156 0.289275       0.0    0.0    0.0    0.0    0.0   0.0   0.0   0.0 0.004       0.0    0.0    0.0    0.0    0.0   0.0   0.0   0.0 0.003    0.026
111.0 29.50025  0.053525 -0.420517  0.291822 0.514645       0.0    0.0    0.0    0.0    0.0   0.0   0.0   0.0 0.004       0.0    0.0    0.0    0.0    0.0   0.0   0.0   0.0 0.000    0.023
112.0 29.80800 -0.063983 -0.289183  0.122231 0.320407       0.0    0.0    0.0    0.0    0.0   0.0   0.0   0.0 0.003       0.0    0.0    0.0    0.0    0.0   0.0   0.0   0.0 0.002    0.026
113.0 29.65396 -0.118371 -0.094327 -0.142111 0.207617       0.0    0.0    0.0    0.0    0.0   0.0   0.0   0.0 0.004       0.0    0.0    0.0    0.0    0.0   0.0   0.0   0.0 0.003    0.024
114.0 29.69471 -0.177125 -0.028660 -0.226907 0.289277       0.0    0.0    0.0    0.0    0.0   0.0   0.0   0.0 0.002       0.0    0.0    0.0    0.0    0.0   0.0   0.0   0.0 0.004    0.025
115.0 29.63151  0.116644 -0.356994  0.197071 0.424132       0.0    0.0    0.0    0.0    0.0   0.0   0.0   0.0 0.004       0.0    0.0    0.0    0.0    0.0   0.0   0.0   0.0 0.000    0.024