   ik     e(ev)        kx        ky        kz   abs(k)  AgDx2-y2  AgDxy  AgDxz  AgDyz  AgDz2  AgPx  AgPy  AgPz  AgS  AuDx2-y2  AuDxy  AuDxz  AuDyz  AuDz2  AuPx  AuPy  AuPz  AuS  |psi|^2
  1.0 -38.67708  0.000000  0.000000  0.000000 0.000000       0.0    0.0    0.0    0.0    0.0   0.0   0.0   0.0  0.0       0.0    0.0    0.0    0.0    0.0 0.319 0.479 0.193  0.0      1.0
  2.0 -38.67608 -0.058754  0.065667 -0.084796 0.122288       0.0    0.0    0.0    0.0    0.0   0.0   0.0   0.0  0.0       0.0    0.0    0.0    0.0    0.0 0.286 0.384 0.330  0.0      1.0
  3.0 -38.67654 -0.117507  0.131334 -0.169591 0.244577       0.0    0.0    0.0    0.0    0.0   0.0   0.0   0.0  0.0       0.0    0.0    0.0    0.0    0.0 0.296 0.422 0.273  0.0      1.0
  4.0 -38.67745  0.176261 -0.197001  0.254387 0.366865       0.0    0.0    0.0    0.0    0.0   0.0   0.0   0.0  0.0       0.0    0.0    0.0    0.0    0.0 0.347 0.412 0.230  0.0      1.0
  5.0 -38.67654  0.117507 -0.131334  0.169591 0.244577       0.0    0.0    0.0    0.0    0.0   0.0   0.0   0.0  0.0       0.0    0.0    0.0    0.0    0.0 0.296 0.422 0.273  0.0      1.0
  6.0 -38.67608  0.058754 -0.065667  0.084796 0.122288       0.0    0.0    0.0    0.0    0.0   0.0   0.0   0.0  0.0       0.0    0.0    0.0    0.0    0.0 0.286 0.384 0.330  0.0      1.0
  7.0 -38.67620  0.063119  0.063522 -0.094751 0.130372       0.0    0.0    0.0    0.0    0.0   0.0   0.0   0.0  0.0       0.0    0.0    0.0    0.0    0.0 0.327 0.362 0.307  0.0      1.0
  8.0 -38.67577  0.004365  0.129189 -0.179546 0.221237       0.0    0.0    0.0    0.0    0.0   0.0   0.0   0.0  0.0       0.0    0.0    0.0    0.0    0.0 0.337 0.401 0.256  0.0      1.0
  9.0 -38.67607 -0.054389  0.194856 -0.264342 0.332872       0.0    0.0    0.0    0.0    0.0   0.0   0.0   0.0  0.0       0.0    0.0    0.0    0.0    0.0 0.259 0.420 0.313  0.0      1.0
 10.0 -38.67590  0.239380 -0.133478  0.159636 0.317180       0.0    0.0    0.0    0.0    0.0   0.0   0.0   0.0  0.0       0.0    0.0    0.0    0.0    0.0 0.299 0.278 0.421  0.0      1.0
 11.0 -38.67578  0.180626 -0.067812  0.074840 0.206943       0.0    0.0    0.0    0.0    0.0   0.0   0.0   0.0  0.0       0.0    0.0    0.0    0.0    0.0 0.361 0.303 0.329  0.0      1.0
 12.0 -38.67479  0.121873 -0.002145 -0.009955 0.122297       0.0    0.0    0.0    0.0    0.0   0.0   0.0   0.0  0.0       0.0    0.0    0.0    0.0    0.0 0.315 0.366 0.308  0.0      1.0
 13.0 -38.67532  0.126238  0.127044 -0.189502 0.260744       0.0    0.0    0.0    0.0    0.0   0.0   0.0   0.0  0.0       0.0    0.0    0.0    0.0    0.0 0.398 0.342 0.255  0.0      1.0
 14.0 -38.67624  0.067484  0.192711 -0.274297 0.341951       0.0    0.0    0.0    0.0    0.0   0.0   0.0   0.0  0.0       0.0    0.0    0.0    0.0    0.0 0.297 0.416 0.285  0.0      1.0
 15.0 -38.67698  0.008730  0.258378 -0.359093 0.442474       0.0    0.0    0.0    0.0    0.0   0.0   0.0   0.0  0.0       0.0    0.0    0.0    0.0    0.0 0.271 0.347 0.378  0.0      1.0
 16.0 -38.67721  0.302499 -0.069956  0.064885 0.317190       0.0    0.0    0.0    0.0    0.0   0.0   0.0   0.0  0.0       0.0    0.0    0.0    0.0    0.0 0.222 0.308 0.465  0.0      1.0
 17.0 -38.67621  0.243745 -0.004289 -0.019911 0.244595       0.0    0.0    0.0    0.0    0.0   0.0   0.0   0.0  0.0       0.0    0.0    0.0    0.0    0.0 0.349 0.330 0.316  0.0      1.0
 18.0 -38.67621  0.184992  0.061378 -0.104706 0.221252       0.0    0.0    0.0    0.0    0.0   0.0   0.0   0.0  0.0       0.0    0.0    0.0    0.0    0.0 0.421 0.290 0.279  0.0      1.0
 19.0 -38.67623 -0.189357 -0.190567  0.284253 0.391115       0.0    0.0    0.0    0.0    0.0   0.0   0.0   0.0  0.0       0.0    0.0    0.0    0.0    0.0 0.301 0.429 0.259  0.0      1.0
 20.0 -38.67671 -0.248111 -0.124900  0.199457 0.341968       0.0    0.0    0.0    0.0    0.0   0.0   0.0   0.0  0.0       0.0    0.0    0.0    0.0    0.0 0.349 0.415 0.233  0.0      1.0
 21.0 -38.67716 -0.306864 -0.059233  0.114662 0.332899       0.0    0.0    0.0    0.0    0.0   0.0   0.0   0.0  0.0       0.0    0.0    0.0    0.0    0.0 0.378 0.356 0.261  0.0      1.0
 22.0 -38.67678 -0.013096 -0.387567  0.538639 0.663711       0.0    0.0    0.0    0.0    0.0   0.0   0.0   0.0  0.0       0.0    0.0    0.0    0.0    0.0 0.500 0.309 0.181  0.0      1.0
 23.0 -38.67716 -0.071849 -0.321900  0.453844 0.561032       0.0    0.0    0.0    0.0    0.0   0.0   0.0   0.0  0.0       0.0    0.0    0.0    0.0    0.0 0.378 0.356 0.261  0.0      1.0
 24.0 -38.67671 -0.130603 -0.256234  0.369048 0.467878       0.0    0.0    0.0    0.0    0.0   0.0   0.0   0.0  0.0       0.0    0.0    0.0    0.0    0.0 0.349 0.415 0.233  0.0      1.0
 25.0 -38.67532 -0.126238 -0.127044  0.189502 0.260744       0.0    0.0    0.0    0.0    0.0   0.0   0.0   0.0  0.0       0.0    0.0    0.0    0.0    0.0 0.398 0.342 0.255  0.0      1.0
 26.0 -38.67621 -0.184992 -0.061378  0.104706 0.221252       0.0    0.0    0.0    0.0    0.0   0.0   0.0   0.0  0.0       0.0    0.0    0.0    0.0    0.0 0.421 0.290 0.279  0.0      1.0
 27.0 -38.67621 -0.243745  0.004289  0.019911 0.244595       0.0    0.0    0.0    0.0    0.0   0.0   0.0   0.0  0.0       0.0    0.0    0.0    0.0    0.0 0.349 0.330 0.316  0.0      1.0
 28.0 -38.67721  0.050023 -0.324045  0.443889 0.551856       0.0    0.0    0.0    0.0    0.0   0.0   0.0   0.0  0.0       0.0    0.0    0.0    0.0    0.0 0.222 0.308 0.465  0.0      1.0
 29.0 -38.67698 -0.008730 -0.258378  0.359093 0.442474       0.0    0.0    0.0    0.0    0.0   0.0   0.0   0.0  0.0       0.0    0.0    0.0    0.0    0.0 0.271 0.347 0.378  0.0      1.0
 30.0 -38.67624 -0.067484 -0.192711  0.274297 0.341951       0.0    0.0    0.0    0.0    0.0   0.0   0.0   0.0  0.0       0.0    0.0    0.0    0.0    0.0 0.297 0.416 0.285  0.0      1.0
 31.0 -38.67620 -0.063119 -0.063522  0.094751 0.130372       0.0    0.0    0.0    0.0    0.0   0.0   0.0   0.0  0.0       0.0    0.0    0.0    0.0    0.0 0.327 0.362 0.307  0.0      1.0
 32.0 -38.67479 -0.121873  0.002145  0.009955 0.122297       0.0    0.0    0.0    0.0    0.0   0.0   0.0   0.0  0.0       0.0    0.0    0.0    0.0    0.0 0.315 0.366 0.308  0.0      1.0
 33.0 -38.67578 -0.180626  0.067812 -0.074840 0.206943       0.0    0.0    0.0    0.0    0.0   0.0   0.0   0.0  0.0       0.0    0.0    0.0    0.0    0.0 0.361 0.303 0.329  0.0      1.0
 34.0 -38.67590  0.113142 -0.260523  0.349138 0.450078       0.0    0.0    0.0    0.0    0.0   0.0   0.0   0.0  0.0       0.0    0.0    0.0    0.0    0.0 0.299 0.278 0.421  0.0      1.0
 35.0 -38.67607  0.054389 -0.194856  0.264342 0.332872       0.0    0.0    0.0    0.0    0.0   0.0   0.0   0.0  0.0       0.0    0.0    0.0    0.0    0.0 0.259 0.420 0.313  0.0      1.0
 36.0 -38.67577 -0.004365 -0.129189  0.179546 0.221237       0.0    0.0    0.0    0.0    0.0   0.0   0.0   0.0  0.0       0.0    0.0    0.0    0.0    0.0 0.337 0.401 0.256  0.0      1.0
 37.0 -38.67572 -0.003501  0.096472  0.152067 0.180120       0.0    0.0    0.0    0.0    0.0   0.0   0.0   0.0  0.0       0.0    0.0    0.0    0.0    0.0 0.309 0.368 0.318  0.0      1.0
 38.0 -38.67550 -0.062255  0.162138  0.067271 0.186253       0.0    0.0    0.0    0.0    0.0   0.0   0.0   0.0  0.0       0.0    0.0    0.0    0.0    0.0 0.305 0.419 0.264  0.0      1.0
 39.0 -38.67531 -0.121009  0.227805 -0.017524 0.258545       0.0    0.0    0.0    0.0    0.0   0.0   0.0   0.0  0.0       0.0    0.0    0.0    0.0    0.0 0.239 0.348 0.412  0.0      1.0
 40.0 -38.67576  0.172760 -0.100529  0.406453 0.452942       0.0    0.0    0.0    0.0    0.0   0.0   0.0   0.0  0.0       0.0    0.0    0.0    0.0    0.0 0.163 0.315 0.519  0.0      1.0
 41.0 -38.67589  0.114006 -0.034862  0.321658 0.343040       0.0    0.0    0.0    0.0    0.0   0.0   0.0   0.0  0.0       0.0    0.0    0.0    0.0    0.0 0.277 0.462 0.256  0.0      1.0
 42.0 -38.67639  0.055252  0.030805  0.236862 0.245164       0.0    0.0    0.0    0.0    0.0   0.0   0.0   0.0  0.0       0.0    0.0    0.0    0.0    0.0 0.221 0.356 0.413  0.0      1.0
 43.0 -38.67554  0.059618  0.159994  0.057316 0.180104       0.0    0.0    0.0    0.0    0.0   0.0   0.0   0.0  0.0       0.0    0.0    0.0    0.0    0.0 0.324 0.440 0.231  0.0      1.0
 44.0 -38.67621  0.000864  0.225661 -0.027480 0.227329       0.0    0.0    0.0    0.0    0.0   0.0   0.0   0.0  0.0       0.0    0.0    0.0    0.0    0.0 0.399 0.424 0.170  0.0      1.0
 45.0 -38.67638 -0.057890  0.291328 -0.112275 0.317535       0.0    0.0    0.0    0.0    0.0   0.0   0.0   0.0  0.0       0.0    0.0    0.0    0.0    0.0 0.337 0.337 0.317  0.0      1.0
 46.0 -38.67561  0.235879 -0.037007  0.311703 0.392641       0.0    0.0    0.0    0.0    0.0   0.0   0.0   0.0  0.0       0.0    0.0    0.0    0.0    0.0 0.252 0.289 0.449  0.0      1.0
 47.0 -38.67709  0.177125  0.028660  0.226907 0.289277       0.0    0.0    0.0    0.0    0.0   0.0   0.0   0.0  0.0       0.0    0.0    0.0    0.0    0.0 0.256 0.255 0.483  0.0      1.0
 48.0 -38.67547  0.118371  0.094327  0.142111 0.207617       0.0    0.0    0.0    0.0    0.0   0.0   0.0   0.0  0.0       0.0    0.0    0.0    0.0    0.0 0.261 0.306 0.422  0.0      1.0
 49.0 -38.67425  0.122736  0.223516 -0.037435 0.257731       0.0    0.0    0.0    0.0    0.0   0.0   0.0   0.0  0.0       0.0    0.0    0.0    0.0    0.0 0.443 0.337 0.216  0.0      1.0
 50.0 -38.67626  0.063983  0.289183 -0.122231 0.320407       0.0    0.0    0.0    0.0    0.0   0.0   0.0   0.0  0.0       0.0    0.0    0.0    0.0    0.0 0.351 0.391 0.249  0.0      1.0
 51.0 -38.67676  0.005229  0.354850 -0.207026 0.410860       0.0    0.0    0.0    0.0    0.0   0.0   0.0   0.0  0.0       0.0    0.0    0.0    0.0    0.0 0.306 0.369 0.314  0.0      1.0
 52.0 -38.67740  0.298998  0.026515  0.216952 0.370366       0.0    0.0    0.0    0.0    0.0   0.0   0.0   0.0  0.0       0.0    0.0    0.0    0.0    0.0 0.292 0.326 0.370  0.0      1.0
 53.0 -38.67650  0.240244  0.092182  0.132156 0.289275       0.0    0.0    0.0    0.0    0.0   0.0   0.0   0.0  0.0       0.0    0.0    0.0    0.0    0.0 0.307 0.309 0.374  0.0      1.0
 54.0 -38.67511  0.181490  0.157849  0.047361 0.245149       0.0    0.0    0.0    0.0    0.0   0.0   0.0   0.0  0.0       0.0    0.0    0.0    0.0    0.0 0.484 0.224 0.288  0.0      1.0
 55.0 -38.67734 -0.192858 -0.094095  0.436319 0.486233       0.0    0.0    0.0    0.0    0.0   0.0   0.0   0.0  0.0       0.0    0.0    0.0    0.0    0.0 0.215 0.493 0.284  0.0      1.0
 56.0 -38.67732 -0.251612 -0.028428  0.351524 0.433227       0.0    0.0    0.0    0.0    0.0   0.0   0.0   0.0  0.0       0.0    0.0    0.0    0.0    0.0 0.226 0.470 0.300  0.0      1.0
 57.0 -38.67807 -0.310366  0.037239  0.266728 0.410923       0.0    0.0    0.0    0.0    0.0   0.0   0.0   0.0  0.0       0.0    0.0    0.0    0.0    0.0 0.246 0.392 0.354  0.0      1.0
 58.0 -38.67694 -0.016597 -0.291096  0.690706 0.749725       0.0    0.0    0.0    0.0    0.0   0.0   0.0   0.0  0.0       0.0    0.0    0.0    0.0    0.0 0.405 0.281 0.307  0.0      1.0
 59.0 -38.67644 -0.075351 -0.225429  0.605911 0.650864       0.0    0.0    0.0    0.0    0.0   0.0   0.0   0.0  0.0       0.0    0.0    0.0    0.0    0.0 0.557 0.232 0.204  0.0      1.0
 60.0 -38.67716 -0.134104 -0.159762  0.521115 0.561310       0.0    0.0    0.0    0.0    0.0   0.0   0.0   0.0  0.0       0.0    0.0    0.0    0.0    0.0 0.536 0.286 0.173  0.0      1.0
 61.0 -38.67663 -0.129739 -0.030573  0.341569 0.366655       0.0    0.0    0.0    0.0    0.0   0.0   0.0   0.0  0.0       0.0    0.0    0.0    0.0    0.0 0.186 0.513 0.297  0.0      1.0
 62.0 -38.67658 -0.188493  0.035094  0.256773 0.320458       0.0    0.0    0.0    0.0    0.0   0.0   0.0   0.0  0.0       0.0    0.0    0.0    0.0    0.0 0.237 0.423 0.332  0.0      1.0
 63.0 -38.67650 -0.247247  0.100761  0.171977 0.317585       0.0    0.0    0.0    0.0    0.0   0.0   0.0   0.0  0.0       0.0    0.0    0.0    0.0    0.0 0.358 0.299 0.335  0.0      1.0
 64.0 -38.67555  0.046522 -0.227573  0.595955 0.639622       0.0    0.0    0.0    0.0    0.0   0.0   0.0   0.0  0.0       0.0    0.0    0.0    0.0    0.0 0.406 0.280 0.312  0.0      1.0
 65.0 -38.67844 -0.012232 -0.161907  0.511160 0.536328       0.0    0.0    0.0    0.0    0.0   0.0   0.0   0.0  0.0       0.0    0.0    0.0    0.0    0.0 0.415 0.354 0.224  0.0      1.0
 66.0 -38.67711 -0.070986 -0.096240  0.426364 0.442818       0.0    0.0    0.0    0.0    0.0   0.0   0.0   0.0  0.0       0.0    0.0    0.0    0.0    0.0 0.177 0.493 0.324  0.0      1.0
 67.0 -38.67563 -0.066620  0.032949  0.246818 0.257765       0.0    0.0    0.0    0.0    0.0   0.0   0.0   0.0  0.0       0.0    0.0    0.0    0.0    0.0 0.257 0.403 0.334  0.0      1.0
 68.0 -38.67531 -0.125374  0.098616  0.162022 0.227365       0.0    0.0    0.0    0.0    0.0   0.0   0.0   0.0  0.0       0.0    0.0    0.0    0.0    0.0 0.373 0.385 0.237  0.0      1.0
 69.0 -38.67473 -0.184128  0.164283  0.077227 0.258565       0.0    0.0    0.0    0.0    0.0   0.0   0.0   0.0  0.0       0.0    0.0    0.0    0.0    0.0 0.341 0.258 0.396  0.0      1.0
 70.0 -38.67608  0.109641 -0.164051  0.501204 0.538646       0.0    0.0    0.0    0.0    0.0   0.0   0.0   0.0  0.0       0.0    0.0    0.0    0.0    0.0 0.332 0.338 0.322  0.0      1.0
 71.0 -38.67695  0.050887 -0.098384  0.416409 0.430889       0.0    0.0    0.0    0.0    0.0   0.0   0.0   0.0  0.0       0.0    0.0    0.0    0.0    0.0 0.267 0.360 0.363  0.0      1.0
 72.0 -38.67665 -0.007867 -0.032717  0.331613 0.333316       0.0    0.0    0.0    0.0    0.0   0.0   0.0   0.0  0.0       0.0    0.0    0.0    0.0    0.0 0.270 0.412 0.309  0.0      1.0
 73.0 -38.67538 -0.007003  0.192943  0.304134 0.360241       0.0    0.0    0.0    0.0    0.0   0.0   0.0   0.0  0.0       0.0    0.0    0.0    0.0    0.0 0.233 0.215 0.544  0.0      1.0
 74.0 -38.67509 -0.065757  0.258610  0.219338 0.345416       0.0    0.0    0.0    0.0    0.0   0.0   0.0   0.0  0.0       0.0    0.0    0.0    0.0    0.0 0.438 0.254 0.300  0.0      1.0
 75.0 -38.67615 -0.124510  0.324277  0.134542 0.372505       0.0    0.0    0.0    0.0    0.0   0.0   0.0   0.0  0.0       0.0    0.0    0.0    0.0    0.0 0.242 0.422 0.329  0.0      1.0
 76.0 -38.67672  0.169258 -0.004057  0.558520 0.583618       0.0    0.0    0.0    0.0    0.0   0.0   0.0   0.0  0.0       0.0    0.0    0.0    0.0    0.0 0.266 0.337 0.390  0.0      1.0
 77.0 -38.67680  0.110505  0.061609  0.473725 0.490329       0.0    0.0    0.0    0.0    0.0   0.0   0.0   0.0  0.0       0.0    0.0    0.0    0.0    0.0 0.379 0.307 0.312  0.0      1.0
 78.0 -38.67666  0.051751  0.127276  0.388929 0.412484       0.0    0.0    0.0    0.0    0.0   0.0   0.0   0.0  0.0       0.0    0.0    0.0    0.0    0.0 0.272 0.258 0.465  0.0      1.0
 79.0 -38.67571  0.056116  0.256465  0.209383 0.335804       0.0    0.0    0.0    0.0    0.0   0.0   0.0   0.0  0.0       0.0    0.0    0.0    0.0    0.0 0.380 0.205 0.412  0.0      1.0
 80.0 -38.67497 -0.002638  0.322132  0.124587 0.345396       0.0    0.0    0.0    0.0    0.0   0.0   0.0   0.0  0.0       0.0    0.0    0.0    0.0    0.0 0.403 0.253 0.338  0.0      1.0
 81.0 -38.67681 -0.061391  0.387799  0.039791 0.394640       0.0    0.0    0.0    0.0    0.0   0.0   0.0   0.0  0.0       0.0    0.0    0.0    0.0    0.0 0.251 0.417 0.323  0.0      1.0
 82.0 -38.67597  0.232377  0.059465  0.463769 0.522128       0.0    0.0    0.0    0.0    0.0   0.0   0.0   0.0  0.0       0.0    0.0    0.0    0.0    0.0 0.342 0.306 0.354  0.0      1.0
 83.0 -38.67443  0.173624  0.125132  0.378974 0.435229       0.0    0.0    0.0    0.0    0.0   0.0   0.0   0.0  0.0       0.0    0.0    0.0    0.0    0.0 0.201 0.367 0.430  0.0      1.0
 84.0 -38.67559  0.114870  0.190799  0.294178 0.368972       0.0    0.0    0.0    0.0    0.0   0.0   0.0   0.0  0.0       0.0    0.0    0.0    0.0    0.0 0.176 0.302 0.514  0.0      1.0
 85.0 -38.67497  0.119235  0.319988  0.114632 0.360208       0.0    0.0    0.0    0.0    0.0   0.0   0.0   0.0  0.0       0.0    0.0    0.0    0.0    0.0 0.427 0.294 0.276  0.0      1.0
 86.0 -38.67538  0.060481  0.385655  0.029836 0.391507       0.0    0.0    0.0    0.0    0.0   0.0   0.0   0.0  0.0       0.0    0.0    0.0    0.0    0.0 0.380 0.393 0.221  0.0      1.0
 87.0 -38.67854  0.001728  0.451321 -0.054959 0.454659       0.0    0.0    0.0    0.0    0.0   0.0   0.0   0.0  0.0       0.0    0.0    0.0    0.0    0.0 0.336 0.366 0.293  0.0      1.0
 88.0 -38.67720  0.295496  0.122987  0.369018 0.488486       0.0    0.0    0.0    0.0    0.0   0.0   0.0   0.0  0.0       0.0    0.0    0.0    0.0    0.0 0.259 0.431 0.298  0.0      1.0
 89.0 -38.67681  0.236743  0.188654  0.284223 0.415235       0.0    0.0    0.0    0.0    0.0   0.0   0.0   0.0  0.0       0.0    0.0    0.0    0.0    0.0 0.254 0.403 0.340  0.0      1.0
 90.0 -38.67520  0.177989  0.254321  0.199427 0.368958       0.0    0.0    0.0    0.0    0.0   0.0   0.0   0.0  0.0       0.0    0.0    0.0    0.0    0.0 0.437 0.311 0.246  0.0      1.0
 91.0 -38.67596 -0.196360  0.002377  0.588386 0.620291       0.0    0.0    0.0    0.0    0.0   0.0   0.0   0.0  0.0       0.0    0.0    0.0    0.0    0.0 0.413 0.316 0.259  0.0      1.0
 92.0 -38.67625 -0.255113  0.068043  0.503591 0.568609       0.0    0.0    0.0    0.0    0.0   0.0   0.0   0.0  0.0       0.0    0.0    0.0    0.0    0.0 0.252 0.456 0.285  0.0      1.0
 93.0 -38.67903 -0.313867  0.133710  0.418795 0.540167       0.0    0.0    0.0    0.0    0.0   0.0   0.0   0.0  0.0       0.0    0.0    0.0    0.0    0.0 0.270 0.388 0.333  0.0      1.0
 94.0 -38.67811 -0.020098 -0.194624  0.842773 0.865187       0.0    0.0    0.0    0.0    0.0   0.0   0.0   0.0  0.0       0.0    0.0    0.0    0.0    0.0 0.521 0.232 0.239  0.0      1.0
 95.0 -38.67632 -0.078852 -0.128957  0.757977 0.772902       0.0    0.0    0.0    0.0    0.0   0.0   0.0   0.0  0.0       0.0    0.0    0.0    0.0    0.0 0.561 0.175 0.258  0.0      1.0
 96.0 -38.67521 -0.137606 -0.063290  0.673182 0.690011       0.0    0.0    0.0    0.0    0.0   0.0   0.0   0.0  0.0       0.0    0.0    0.0    0.0    0.0 0.642 0.175 0.172  0.0      1.0
 97.0 -38.67623 -0.133241  0.065899  0.493635 0.515530       0.0    0.0    0.0    0.0    0.0   0.0   0.0   0.0  0.0       0.0    0.0    0.0    0.0    0.0 0.254 0.352 0.378  0.0      1.0
 98.0 -38.67556 -0.191994  0.131566  0.408840 0.470448       0.0    0.0    0.0    0.0    0.0   0.0   0.0   0.0  0.0       0.0    0.0    0.0    0.0    0.0 0.196 0.373 0.427  0.0      1.0
 99.0 -38.67785 -0.250748  0.197233  0.324044 0.454731       0.0    0.0    0.0    0.0    0.0   0.0   0.0   0.0  0.0       0.0    0.0    0.0    0.0    0.0 0.326 0.328 0.337  0.0      1.0
100.0 -38.67701  0.043021 -0.131102  0.748022 0.760641       0.0    0.0    0.0    0.0    0.0   0.0   0.0   0.0  0.0       0.0    0.0    0.0    0.0    0.0 0.449 0.252 0.290  0.0      1.0
101.0 -38.67612 -0.015733 -0.065435  0.663226 0.666632       0.0    0.0    0.0    0.0    0.0   0.0   0.0   0.0  0.0       0.0    0.0    0.0    0.0    0.0 0.603 0.149 0.244  0.0      1.0
102.0 -38.67809 -0.074487  0.000232  0.578431 0.583207       0.0    0.0    0.0    0.0    0.0   0.0   0.0   0.0  0.0       0.0    0.0    0.0    0.0    0.0 0.467 0.310 0.217  0.0      1.0
103.0 -38.67716 -0.070122  0.129421  0.398884 0.425177       0.0    0.0    0.0    0.0    0.0   0.0   0.0   0.0  0.0       0.0    0.0    0.0    0.0    0.0 0.319 0.286 0.388  0.0      1.0
104.0 -38.67610 -0.128875  0.195088  0.314089 0.391561       0.0    0.0    0.0    0.0    0.0   0.0   0.0   0.0  0.0       0.0    0.0    0.0    0.0    0.0 0.317 0.346 0.333  0.0      1.0
105.0 -38.67688 -0.187629  0.260755  0.229293 0.394681       0.0    0.0    0.0    0.0    0.0   0.0   0.0   0.0  0.0       0.0    0.0    0.0    0.0    0.0 0.379 0.359 0.258  0.0      1.0
106.0 -38.67654  0.106139 -0.067580  0.653271 0.665279       0.0    0.0    0.0    0.0    0.0   0.0   0.0   0.0  0.0       0.0    0.0    0.0    0.0    0.0 0.484 0.202 0.303  0.0      1.0
107.0 -38.67800  0.047386 -0.001913  0.568476 0.570450       0.0    0.0    0.0    0.0    0.0   0.0   0.0   0.0  0.0       0.0    0.0    0.0    0.0    0.0 0.384 0.278 0.335  0.0      1.0
108.0 -38.67770 -0.011368  0.063754  0.483680 0.487996       0.0    0.0    0.0    0.0    0.0   0.0   0.0   0.0  0.0       0.0    0.0    0.0    0.0    0.0 0.340 0.309 0.343  0.0      1.0
109.0 -38.67540  0.010504 -0.289415 -0.456200 0.540361       0.0    0.0    0.0    0.0    0.0   0.0   0.0   0.0  0.0       0.0    0.0    0.0    0.0    0.0 0.325 0.174 0.492  0.0      1.0
110.0 -38.67598 -0.048250 -0.223748 -0.540996 0.587425       0.0    0.0    0.0    0.0    0.0   0.0   0.0   0.0  0.0       0.0    0.0    0.0    0.0    0.0 0.350 0.174 0.469  0.0      1.0
111.0 -38.67649 -0.107003 -0.158081 -0.625791 0.654259       0.0    0.0    0.0    0.0    0.0   0.0   0.0   0.0  0.0       0.0    0.0    0.0    0.0    0.0 0.418 0.280 0.294  0.0      1.0
112.0 -38.67764  0.186765 -0.486415 -0.201814 0.558758       0.0    0.0    0.0    0.0    0.0   0.0   0.0   0.0  0.0       0.0    0.0    0.0    0.0    0.0 0.404 0.370 0.214  0.0      1.0
113.0 -38.67649  0.128012 -0.420749 -0.286609 0.524939       0.0    0.0    0.0    0.0    0.0   0.0   0.0   0.0  0.0       0.0    0.0    0.0    0.0    0.0 0.418 0.280 0.294  0.0      1.0
114.0 -38.67598  0.069258 -0.355082 -0.371405 0.518480       0.0    0.0    0.0    0.0    0.0   0.0   0.0   0.0  0.0       0.0    0.0    0.0    0.0    0.0 0.350 0.174 0.469  0.0      1.0
115.0 -38.67721  0.073623 -0.225893 -0.550951 0.599996       0.0    0.0    0.0    0.0    0.0   0.0   0.0   0.0  0.0       0.0    0.0    0.0    0.0    0.0 0.347 0.243 0.399  0.0      1.0
116.0 -38.67741  0.014869 -0.160226 -0.635747 0.655795       0.0    0.0    0.0    0.0    0.0   0.0   0.0   0.0  0.0       0.0    0.0    0.0    0.0    0.0 0.469 0.264 0.260  0.0      1.0
117.0 -38.67673 -0.043884 -0.094559 -0.720542 0.728044       0.0    0.0    0.0    0.0    0.0   0.0   0.0   0.0  0.0       0.0    0.0    0.0    0.0    0.0 0.461 0.330 0.200  0.0      1.0
118.0 -38.67671  0.249884 -0.422893 -0.296564 0.573787       0.0    0.0    0.0    0.0    0.0   0.0   0.0   0.0  0.0       0.0    0.0    0.0    0.0    0.0 0.274 0.448 0.270  0.0      1.0
119.0 -38.67351  0.191131 -0.357226 -0.381360 0.556397       0.0    0.0    0.0    0.0    0.0   0.0   0.0   0.0  0.0       0.0    0.0    0.0    0.0    0.0 0.239 0.390 0.362  0.0      1.0
120.0 -38.67651  0.132377 -0.291560 -0.466156 0.565537       0.0    0.0    0.0    0.0    0.0   0.0   0.0   0.0  0.0       0.0    0.0    0.0    0.0    0.0 0.249 0.359 0.388  0.0      1.0
121.0 -38.67623  0.136742 -0.162370 -0.645702 0.679701       0.0    0.0    0.0    0.0    0.0   0.0   0.0   0.0  0.0       0.0    0.0    0.0    0.0    0.0 0.536 0.267 0.186  0.0      1.0
122.0 -38.67627  0.077988 -0.096704 -0.730498 0.740986       0.0    0.0    0.0    0.0    0.0   0.0   0.0   0.0  0.0       0.0    0.0    0.0    0.0    0.0 0.466 0.225 0.304  0.0      1.0
123.0 -38.67756  0.019235 -0.031037 -0.815293 0.816110       0.0    0.0    0.0    0.0    0.0   0.0   0.0   0.0  0.0       0.0    0.0    0.0    0.0    0.0 0.474 0.274 0.240  0.0      1.0
124.0 -38.67712  0.313003 -0.359371 -0.391315 0.616641       0.0    0.0    0.0    0.0    0.0   0.0   0.0   0.0  0.0       0.0    0.0    0.0    0.0    0.0 0.239 0.383 0.371  0.0      1.0
125.0 -38.67779  0.254250 -0.293704 -0.476111 0.614481       0.0    0.0    0.0    0.0    0.0   0.0   0.0   0.0  0.0       0.0    0.0    0.0    0.0    0.0 0.312 0.292 0.393  0.0      1.0
126.0 -38.67519  0.195496 -0.228037 -0.560907 0.636267       0.0    0.0    0.0    0.0    0.0   0.0   0.0   0.0  0.0       0.0    0.0    0.0    0.0    0.0 0.369 0.389 0.235  0.0      1.0
127.0 -38.67604 -0.178853 -0.479981 -0.171948 0.540311       0.0    0.0    0.0    0.0    0.0   0.0   0.0   0.0  0.0       0.0    0.0    0.0    0.0    0.0 0.362 0.316 0.313  0.0      1.0
128.0 -38.67539 -0.237606 -0.414315 -0.256743 0.542246       0.0    0.0    0.0    0.0    0.0   0.0   0.0   0.0  0.0       0.0    0.0    0.0    0.0    0.0 0.478 0.325 0.196  0.0      1.0
129.0 -38.67791 -0.296360 -0.348648 -0.341539 0.570993       0.0    0.0    0.0    0.0    0.0   0.0   0.0   0.0  0.0       0.0    0.0    0.0    0.0    0.0 0.373 0.289 0.331  0.0      1.0
130.0 -38.68048 -0.002591 -0.676982  0.082439 0.681988       0.0    0.0    0.0    0.0    0.0   0.0   0.0   0.0  0.0       0.0    0.0    0.0    0.0    0.0 0.378 0.288 0.326  0.0      1.0
131.0 -38.67791 -0.061345 -0.611315 -0.002356 0.614390       0.0    0.0    0.0    0.0    0.0   0.0   0.0   0.0  0.0       0.0    0.0    0.0    0.0    0.0 0.373 0.289 0.331  0.0      1.0
132.0 -38.67539 -0.120099 -0.545648 -0.087152 0.565466       0.0    0.0    0.0    0.0    0.0   0.0   0.0   0.0  0.0       0.0    0.0    0.0    0.0    0.0 0.478 0.325 0.196  0.0      1.0
133.0 -38.67623 -0.115734 -0.416459 -0.266698 0.507898       0.0    0.0    0.0    0.0    0.0   0.0   0.0   0.0  0.0       0.0    0.0    0.0    0.0    0.0 0.536 0.267 0.186  0.0      1.0
134.0 -38.67519 -0.174487 -0.350792 -0.351494 0.526355       0.0    0.0    0.0    0.0    0.0   0.0   0.0   0.0  0.0       0.0    0.0    0.0    0.0    0.0 0.369 0.389 0.235  0.0      1.0
135.0 -38.67779 -0.233241 -0.285125 -0.436290 0.571005       0.0    0.0    0.0    0.0    0.0   0.0   0.0   0.0  0.0       0.0    0.0    0.0    0.0    0.0 0.312 0.292 0.393  0.0      1.0
136.0 -38.67712  0.060528 -0.613460 -0.012312 0.616562       0.0    0.0    0.0    0.0    0.0   0.0   0.0   0.0  0.0       0.0    0.0    0.0    0.0    0.0 0.239 0.383 0.371  0.0      1.0
137.0 -38.67756  0.001774 -0.547793 -0.097107 0.556336       0.0    0.0    0.0    0.0    0.0   0.0   0.0   0.0  0.0       0.0    0.0    0.0    0.0    0.0 0.474 0.274 0.240  0.0      1.0
138.0 -38.67627 -0.056980 -0.482126 -0.181903 0.518441       0.0    0.0    0.0    0.0    0.0   0.0   0.0   0.0  0.0       0.0    0.0    0.0    0.0    0.0 0.466 0.225 0.304  0.0      1.0
139.0 -38.67721 -0.052615 -0.352937 -0.361449 0.507916       0.0    0.0    0.0    0.0    0.0   0.0   0.0   0.0  0.0       0.0    0.0    0.0    0.0    0.0 0.347 0.243 0.399  0.0      1.0
140.0 -38.67651 -0.111368 -0.287270 -0.446245 0.542274       0.0    0.0    0.0    0.0    0.0   0.0   0.0   0.0  0.0       0.0    0.0    0.0    0.0    0.0 0.249 0.359 0.388  0.0      1.0
141.0 -38.67351 -0.170122 -0.221603 -0.531040 0.600045       0.0    0.0    0.0    0.0    0.0   0.0   0.0   0.0  0.0       0.0    0.0    0.0    0.0    0.0 0.239 0.390 0.362  0.0      1.0
142.0 -38.67671  0.123647 -0.549938 -0.107063 0.573744       0.0    0.0    0.0    0.0    0.0   0.0   0.0   0.0  0.0       0.0    0.0    0.0    0.0    0.0 0.274 0.448 0.270  0.0      1.0
143.0 -38.67673  0.064893 -0.484271 -0.191858 0.524918       0.0    0.0    0.0    0.0    0.0   0.0   0.0   0.0  0.0       0.0    0.0    0.0    0.0    0.0 0.461 0.330 0.200  0.0      1.0
144.0 -38.67741  0.006139 -0.418604 -0.276654 0.501801       0.0    0.0    0.0    0.0    0.0   0.0   0.0   0.0  0.0       0.0    0.0    0.0    0.0    0.0 0.469 0.264 0.260  0.0      1.0
145.0 -38.67538  0.007003 -0.192943 -0.304134 0.360241       0.0    0.0    0.0    0.0    0.0   0.0   0.0   0.0  0.0       0.0    0.0    0.0    0.0    0.0 0.233 0.215 0.544  0.0      1.0
146.0 -38.67666 -0.051751 -0.127276 -0.388929 0.412484       0.0    0.0    0.0    0.0    0.0   0.0   0.0   0.0  0.0       0.0    0.0    0.0    0.0    0.0 0.272 0.258 0.465  0.0      1.0
147.0 -38.67680 -0.110505 -0.061609 -0.473725 0.490329       0.0    0.0    0.0    0.0    0.0   0.0   0.0   0.0  0.0       0.0    0.0    0.0    0.0    0.0 0.379 0.307 0.312  0.0      1.0
148.0 -38.67672  0.183264 -0.389944 -0.049747 0.433724       0.0    0.0    0.0    0.0    0.0   0.0   0.0   0.0  0.0       0.0    0.0    0.0    0.0    0.0 0.266 0.337 0.390  0.0      1.0
149.0 -38.67615  0.124510 -0.324277 -0.134542 0.372505       0.0    0.0    0.0    0.0    0.0   0.0   0.0   0.0  0.0       0.0    0.0    0.0    0.0    0.0 0.242 0.422 0.329  0.0      1.0
150.0 -38.67509  0.065757 -0.258610 -0.219338 0.345416       0.0    0.0    0.0    0.0    0.0   0.0   0.0   0.0  0.0       0.0    0.0    0.0    0.0    0.0 0.438 0.254 0.300  0.0      1.0
151.0 -38.67716  0.070122 -0.129421 -0.398884 0.425177       0.0    0.0    0.0    0.0    0.0   0.0   0.0   0.0  0.0       0.0    0.0    0.0    0.0    0.0 0.319 0.286 0.388  0.0      1.0
152.0 -38.67770  0.011368 -0.063754 -0.483680 0.487996       0.0    0.0    0.0    0.0    0.0   0.0   0.0   0.0  0.0       0.0    0.0    0.0    0.0    0.0 0.340 0.309 0.343  0.0      1.0
153.0 -38.67800 -0.047386  0.001913 -0.568476 0.570450       0.0    0.0    0.0    0.0    0.0   0.0   0.0   0.0  0.0       0.0    0.0    0.0    0.0    0.0 0.384 0.278 0.335  0.0      1.0
154.0 -38.67654  0.246383 -0.326422 -0.144498 0.433746       0.0    0.0    0.0    0.0    0.0   0.0   0.0   0.0  0.0       0.0    0.0    0.0    0.0    0.0 0.484 0.202 0.303  0.0      1.0
155.0 -38.67688  0.187629 -0.260755 -0.229293 0.394681       0.0    0.0    0.0    0.0    0.0   0.0   0.0   0.0  0.0       0.0    0.0    0.0    0.0    0.0 0.379 0.359 0.258  0.0      1.0
156.0 -38.67610  0.128875 -0.195088 -0.314089 0.391561       0.0    0.0    0.0    0.0    0.0   0.0   0.0   0.0  0.0       0.0    0.0    0.0    0.0    0.0 0.317 0.346 0.333  0.0      1.0
157.0 -38.67623  0.133241 -0.065899 -0.493635 0.515530       0.0    0.0    0.0    0.0    0.0   0.0   0.0   0.0  0.0       0.0    0.0    0.0    0.0    0.0 0.254 0.352 0.378  0.0      1.0
158.0 -38.67809  0.074487 -0.000232 -0.578431 0.583207       0.0    0.0    0.0    0.0    0.0   0.0   0.0   0.0  0.0       0.0    0.0    0.0    0.0    0.0 0.467 0.310 0.217  0.0      1.0
159.0 -38.67612  0.015733  0.065435 -0.663226 0.666632       0.0    0.0    0.0    0.0    0.0   0.0   0.0   0.0  0.0       0.0    0.0    0.0    0.0    0.0 0.603 0.149 0.244  0.0      1.0
160.0 -38.67701  0.309502 -0.262899 -0.239249 0.471325       0.0    0.0    0.0    0.0    0.0   0.0   0.0   0.0  0.0       0.0    0.0    0.0    0.0    0.0 0.449 0.252 0.290  0.0      1.0
161.0 -38.67785  0.250748 -0.197233 -0.324044 0.454731       0.0    0.0    0.0    0.0    0.0   0.0   0.0   0.0  0.0       0.0    0.0    0.0    0.0    0.0 0.326 0.328 0.337  0.0      1.0
162.0 -38.67556  0.191994 -0.131566 -0.408840 0.470448       0.0    0.0    0.0    0.0    0.0   0.0   0.0   0.0  0.0       0.0    0.0    0.0    0.0    0.0 0.196 0.373 0.427  0.0      1.0
163.0 -38.67596 -0.182354 -0.383510 -0.019881 0.425121       0.0    0.0    0.0    0.0    0.0   0.0   0.0   0.0  0.0       0.0    0.0    0.0    0.0    0.0 0.413 0.316 0.259  0.0      1.0
164.0 -38.67521 -0.241108 -0.317843 -0.104676 0.412449       0.0    0.0    0.0    0.0    0.0   0.0   0.0   0.0  0.0       0.0    0.0    0.0    0.0    0.0 0.642 0.175 0.172  0.0      1.0
165.0 -38.67632 -0.299862 -0.252176 -0.189472 0.435212       0.0    0.0    0.0    0.0    0.0   0.0   0.0   0.0  0.0       0.0    0.0    0.0    0.0    0.0 0.561 0.175 0.258  0.0      1.0
166.0 -38.67811 -0.006093 -0.580511  0.234506 0.626117       0.0    0.0    0.0    0.0    0.0   0.0   0.0   0.0  0.0       0.0    0.0    0.0    0.0    0.0 0.521 0.232 0.239  0.0      1.0
167.0 -38.67903 -0.064847 -0.514844  0.149710 0.540076       0.0    0.0    0.0    0.0    0.0   0.0   0.0   0.0  0.0       0.0    0.0    0.0    0.0    0.0 0.270 0.388 0.333  0.0      1.0
168.0 -38.67625 -0.123600 -0.449177  0.064915 0.470373       0.0    0.0    0.0    0.0    0.0   0.0   0.0   0.0  0.0       0.0    0.0    0.0    0.0    0.0 0.252 0.456 0.285  0.0      1.0
169.0 -38.67497 -0.119235 -0.319988 -0.114632 0.360208       0.0    0.0    0.0    0.0    0.0   0.0   0.0   0.0  0.0       0.0    0.0    0.0    0.0    0.0 0.427 0.294 0.276  0.0      1.0
170.0 -38.67520 -0.177989 -0.254321 -0.199427 0.368958       0.0    0.0    0.0    0.0    0.0   0.0   0.0   0.0  0.0       0.0    0.0    0.0    0.0    0.0 0.437 0.311 0.246  0.0      1.0
171.0 -38.67681 -0.236743 -0.188654 -0.284223 0.415235       0.0    0.0    0.0    0.0    0.0   0.0   0.0   0.0  0.0       0.0    0.0    0.0    0.0    0.0 0.254 0.403 0.340  0.0      1.0
172.0 -38.67720  0.057026 -0.516988  0.139755 0.538573       0.0    0.0    0.0    0.0    0.0   0.0   0.0   0.0  0.0       0.0    0.0    0.0    0.0    0.0 0.259 0.431 0.298  0.0      1.0
173.0 -38.67854 -0.001728 -0.451321  0.054959 0.454659       0.0    0.0    0.0    0.0    0.0   0.0   0.0   0.0  0.0       0.0    0.0    0.0    0.0    0.0 0.336 0.366 0.293  0.0      1.0
174.0 -38.67538 -0.060481 -0.385655 -0.029836 0.391507       0.0    0.0    0.0    0.0    0.0   0.0   0.0   0.0  0.0       0.0    0.0    0.0    0.0    0.0 0.380 0.393 0.221  0.0      1.0
175.0 -38.67571 -0.056116 -0.256465 -0.209383 0.335804       0.0    0.0    0.0    0.0    0.0   0.0   0.0   0.0  0.0       0.0    0.0    0.0    0.0    0.0 0.380 0.205 0.412  0.0      1.0
176.0 -38.67559 -0.114870 -0.190799 -0.294178 0.368972       0.0    0.0    0.0    0.0    0.0   0.0   0.0   0.0  0.0       0.0    0.0    0.0    0.0    0.0 0.176 0.302 0.514  0.0      1.0
177.0 -38.67443 -0.173624 -0.125132 -0.378974 0.435229       0.0    0.0    0.0    0.0    0.0   0.0   0.0   0.0  0.0       0.0    0.0    0.0    0.0    0.0 0.201 0.367 0.430  0.0      1.0
178.0 -38.67597  0.120145 -0.453466  0.045004 0.471266       0.0    0.0    0.0    0.0    0.0   0.0   0.0   0.0  0.0       0.0    0.0    0.0    0.0    0.0 0.342 0.306 0.354  0.0      1.0
179.0 -38.67681  0.061391 -0.387799 -0.039791 0.394640       0.0    0.0    0.0    0.0    0.0   0.0   0.0   0.0  0.0       0.0    0.0    0.0    0.0    0.0 0.251 0.417 0.323  0.0      1.0
180.0 -38.67497  0.002638 -0.322132 -0.124587 0.345396       0.0    0.0    0.0    0.0    0.0   0.0   0.0   0.0  0.0       0.0    0.0    0.0    0.0    0.0 0.403 0.253 0.338  0.0      1.0
181.0 -38.67572  0.003501 -0.096472 -0.152067 0.180120       0.0    0.0    0.0    0.0    0.0   0.0   0.0   0.0  0.0       0.0    0.0    0.0    0.0    0.0 0.309 0.368 0.318  0.0      1.0
182.0 -38.67639 -0.055252 -0.030805 -0.236862 0.245164       0.0    0.0    0.0    0.0    0.0   0.0   0.0   0.0  0.0       0.0    0.0    0.0    0.0    0.0 0.221 0.356 0.413  0.0      1.0
183.0 -38.67589 -0.114006  0.034862 -0.321658 0.343040       0.0    0.0    0.0    0.0    0.0   0.0   0.0   0.0  0.0       0.0    0.0    0.0    0.0    0.0 0.277 0.462 0.256  0.0      1.0
184.0 -38.67576  0.179763 -0.293472  0.102320 0.359040       0.0    0.0    0.0    0.0    0.0   0.0   0.0   0.0  0.0       0.0    0.0    0.0    0.0    0.0 0.163 0.315 0.519  0.0      1.0
185.0 -38.67531  0.121009 -0.227805  0.017524 0.258545       0.0    0.0    0.0    0.0    0.0   0.0   0.0   0.0  0.0       0.0    0.0    0.0    0.0    0.0 0.239 0.348 0.412  0.0      1.0
186.0 -38.67550  0.062255 -0.162138 -0.067271 0.186253       0.0    0.0    0.0    0.0    0.0   0.0   0.0   0.0  0.0       0.0    0.0    0.0    0.0    0.0 0.305 0.419 0.264  0.0      1.0
187.0 -38.67563  0.066620 -0.032949 -0.246818 0.257765       0.0    0.0    0.0    0.0    0.0   0.0   0.0   0.0  0.0       0.0    0.0    0.0    0.0    0.0 0.257 0.403 0.334  0.0      1.0
188.0 -38.67665  0.007867  0.032717 -0.331613 0.333316       0.0    0.0    0.0    0.0    0.0   0.0   0.0   0.0  0.0       0.0    0.0    0.0    0.0    0.0 0.270 0.412 0.309  0.0      1.0
189.0 -38.67695 -0.050887  0.098384 -0.416409 0.430889       0.0    0.0    0.0    0.0    0.0   0.0   0.0   0.0  0.0       0.0    0.0    0.0    0.0    0.0 0.267 0.360 0.363  0.0      1.0
190.0 -38.67608  0.242882 -0.229950  0.007569 0.334553       0.0    0.0    0.0    0.0    0.0   0.0   0.0   0.0  0.0       0.0    0.0    0.0    0.0    0.0 0.332 0.338 0.322  0.0      1.0
191.0 -38.67473  0.184128 -0.164283 -0.077227 0.258565       0.0    0.0    0.0    0.0    0.0   0.0   0.0   0.0  0.0       0.0    0.0    0.0    0.0    0.0 0.341 0.258 0.396  0.0      1.0
192.0 -38.67531  0.125374 -0.098616 -0.162022 0.227365       0.0    0.0    0.0    0.0    0.0   0.0   0.0   0.0  0.0       0.0    0.0    0.0    0.0    0.0 0.373 0.385 0.237  0.0      1.0
193.0 -38.67663  0.129739  0.030573 -0.341569 0.366655       0.0    0.0    0.0    0.0    0.0   0.0   0.0   0.0  0.0       0.0    0.0    0.0    0.0    0.0 0.186 0.513 0.297  0.0      1.0
194.0 -38.67711  0.070986  0.096240 -0.426364 0.442818       0.0    0.0    0.0    0.0    0.0   0.0   0.0   0.0  0.0       0.0    0.0    0.0    0.0    0.0 0.177 0.493 0.324  0.0      1.0
195.0 -38.67844  0.012232  0.161907 -0.511160 0.536328       0.0    0.0    0.0    0.0    0.0   0.0   0.0   0.0  0.0       0.0    0.0    0.0    0.0    0.0 0.415 0.354 0.224  0.0      1.0
196.0 -38.67555  0.306001 -0.166428 -0.087182 0.359076       0.0    0.0    0.0    0.0    0.0   0.0   0.0   0.0  0.0       0.0    0.0    0.0    0.0    0.0 0.406 0.280 0.312  0.0      1.0
197.0 -38.67650  0.247247 -0.100761 -0.171977 0.317585       0.0    0.0    0.0    0.0    0.0   0.0   0.0   0.0  0.0       0.0    0.0    0.0    0.0    0.0 0.358 0.299 0.335  0.0      1.0
198.0 -38.67658  0.188493 -0.035094 -0.256773 0.320458       0.0    0.0    0.0    0.0    0.0   0.0   0.0   0.0  0.0       0.0    0.0    0.0    0.0    0.0 0.237 0.423 0.332  0.0      1.0
199.0 -38.67734 -0.185855 -0.287038  0.132186 0.366615       0.0    0.0    0.0    0.0    0.0   0.0   0.0   0.0  0.0       0.0    0.0    0.0    0.0    0.0 0.215 0.493 0.284  0.0      1.0
200.0 -38.67716 -0.244609 -0.221371  0.047390 0.333294       0.0    0.0    0.0    0.0    0.0   0.0   0.0   0.0  0.0       0.0    0.0    0.0    0.0    0.0 0.536 0.286 0.173  0.0      1.0
201.0 -38.67644 -0.303363 -0.155704 -0.037405 0.343034       0.0    0.0    0.0    0.0    0.0   0.0   0.0   0.0  0.0       0.0    0.0    0.0    0.0    0.0 0.557 0.232 0.204  0.0      1.0
202.0 -38.67694 -0.009594 -0.484039  0.386573 0.619535       0.0    0.0    0.0    0.0    0.0   0.0   0.0   0.0  0.0       0.0    0.0    0.0    0.0    0.0 0.405 0.281 0.307  0.0      1.0
203.0 -38.67807 -0.068348 -0.418372  0.301777 0.520361       0.0    0.0    0.0    0.0    0.0   0.0   0.0   0.0  0.0       0.0    0.0    0.0    0.0    0.0 0.246 0.392 0.354  0.0      1.0
204.0 -38.67732 -0.127102 -0.352705  0.216982 0.433171       0.0    0.0    0.0    0.0    0.0   0.0   0.0   0.0  0.0       0.0    0.0    0.0    0.0    0.0 0.226 0.470 0.300  0.0      1.0
205.0 -38.67425 -0.122736 -0.223516  0.037435 0.257731       0.0    0.0    0.0    0.0    0.0   0.0   0.0   0.0  0.0       0.0    0.0    0.0    0.0    0.0 0.443 0.337 0.216  0.0      1.0
206.0 -38.67511 -0.181490 -0.157849 -0.047361 0.245149       0.0    0.0    0.0    0.0    0.0   0.0   0.0   0.0  0.0       0.0    0.0    0.0    0.0    0.0 0.484 0.224 0.288  0.0      1.0
207.0 -38.67650 -0.240244 -0.092182 -0.132156 0.289275       0.0    0.0    0.0    0.0    0.0   0.0   0.0   0.0  0.0       0.0    0.0    0.0    0.0    0.0 0.307 0.309 0.374  0.0      1.0
208.0 -38.67740  0.053525 -0.420517  0.291822 0.514645       0.0    0.0    0.0    0.0    0.0   0.0   0.0   0.0  0.0       0.0    0.0    0.0    0.0    0.0 0.292 0.326 0.370  0.0      1.0
209.0 -38.67676 -0.005229 -0.354850  0.207026 0.410860       0.0    0.0    0.0    0.0    0.0   0.0   0.0   0.0  0.0       0.0    0.0    0.0    0.0    0.0 0.306 0.369 0.314  0.0      1.0
210.0 -38.67626 -0.063983 -0.289183  0.122231 0.320407       0.0    0.0    0.0    0.0    0.0   0.0   0.0   0.0  0.0       0.0    0.0    0.0    0.0    0.0 0.351 0.391 0.249  0.0      1.0
211.0 -38.67554 -0.059618 -0.159994 -0.057316 0.180104       0.0    0.0    0.0    0.0    0.0   0.0   0.0   0.0  0.0       0.0    0.0    0.0    0.0    0.0 0.324 0.440 0.231  0.0      1.0
212.0 -38.67547 -0.118371 -0.094327 -0.142111 0.207617       0.0    0.0    0.0    0.0    0.0   0.0   0.0   0.0  0.0       0.0    0.0    0.0    0.0    0.0 0.261 0.306 0.422  0.0      1.0
213.0 -38.67709 -0.177125 -0.028660 -0.226907 0.289277       0.0    0.0    0.0    0.0    0.0   0.0   0.0   0.0  0.0       0.0    0.0    0.0    0.0    0.0 0.256 0.255 0.483  0.0      1.0
214.0 -38.67561  0.116644 -0.356994  0.197071 0.424132       0.0    0.0    0.0    0.0    0.0   0.0   0.0   0.0  0.0       0.0    0.0    0.0    0.0    0.0 0.252 0.289 0.449  0.0      1.0
215.0 -38.67638  0.057890 -0.291328  0.112275 0.317535       0.0    0.0    0.0    0.0    0.0   0.0   0.0   0.0  0.0       0.0    0.0    0.0    0.0    0.0 0.337 0.337 0.317  0.0      1.0
216.0 -38.67621 -0.000864 -0.225661  0.027480 0.227329       0.0    0.0    0.0    0.0    0.0   0.0   0.0   0.0  0.0       0.0    0.0    0.0    0.0    0.0 0.399 0.424 0.170  0.0      1.0